"","time","O3","NO2","Ox"
"1",2018-01-01,12,32,44
"2",2018-01-01,6,41,47
"3",2018-01-01,1,46,47
"4",2018-01-01,4,40,44
"5",2018-01-01,12,31,43
"6",2018-01-01,5,41,46
"7",2018-01-01,6,41,47
"8",2018-01-01,9,35,44
"9",2018-01-01,12,31,43
"10",2018-01-01,20,20,40
"11",2018-01-01,31,8,39
"12",2018-01-01,32,7,39
"13",2018-01-01,32,8,40
"14",2018-01-01,31,10,41
"15",2018-01-01,33,7,40
"16",2018-01-01,32,5,37
"17",2018-01-01,33,5,38
"18",2018-01-01,31,7,38
"19",2018-01-01,30,9,39
"20",2018-01-01,30,10,40
"21",2018-01-01,30,10,40
"22",2018-01-01,23,18,41
"23",2018-01-01,18,23,41
"24",2018-01-01,6,37,43
"25",2018-01-02,2,41,43
"26",2018-01-02,14,28,42
"27",2018-01-02,20,20,40
"28",2018-01-02,20,18,38
"29",2018-01-02,19,19,38
"30",2018-01-02,21,18,39
"31",2018-01-02,28,10,38
"32",2018-01-02,26,12,38
"33",2018-01-02,20,20,40
"34",2018-01-02,21,19,40
"35",2018-01-02,21,18,39
"36",2018-01-02,20,19,39
"37",2018-01-02,21,18,39
"38",2018-01-02,23,17,40
"39",2018-01-02,21,19,40
"40",2018-01-02,23,18,41
"41",2018-01-02,23,17,40
"42",2018-01-02,22,16,38
"43",2018-01-02,19,20,39
"44",2018-01-02,21,17,38
"45",2018-01-02,22,16,38
"46",2018-01-02,21,17,38
"47",2018-01-02,22,15,37
"48",2018-01-02,18,20,38
"49",2018-01-03,22,16,38
"50",2018-01-03,27,14,41
"51",2018-01-03,24,16,40
"52",2018-01-03,25,16,41
"53",2018-01-03,25,16,41
"54",2018-01-03,25,16,41
"55",2018-01-03,30,12,42
"56",2018-01-03,28,16,44
"57",2018-01-03,21,22,43
"58",2018-01-03,24,15,39
"59",2018-01-03,25,14,39
"60",2018-01-03,25,15,40
"61",2018-01-03,25,15,40
"62",2018-01-03,21,18,39
"63",2018-01-03,24,15,39
"64",2018-01-03,26,13,39
"65",2018-01-03,26,14,40
"66",2018-01-03,22,16,38
"67",2018-01-03,19,19,38
"68",2018-01-03,19,18,37
"69",2018-01-03,18,17,35
"70",2018-01-03,15,19,34
"71",2018-01-03,13,21,34
"72",2018-01-03,12,21,33
"73",2018-01-04,12,21,33
"74",2018-01-04,9,23,32
"75",2018-01-04,6,26,32
"76",2018-01-04,7,26,33
"77",2018-01-04,8,26,34
"78",2018-01-04,4,33,37
"79",2018-01-04,17,18,35
"80",2018-01-04,15,20,35
"81",2018-01-04,17,18,35
"82",2018-01-04,23,12,35
"83",2018-01-04,26,11,37
"84",2018-01-04,29,8,37
"85",2018-01-04,29,8,37
"86",2018-01-04,29,8,37
"87",2018-01-04,29,7,36
"88",2018-01-04,27,8,35
"89",2018-01-04,26,8,34
"90",2018-01-04,26,9,35
"91",2018-01-04,25,10,35
"92",2018-01-04,26,10,36
"93",2018-01-04,27,10,37
"94",2018-01-04,28,9,37
"95",2018-01-04,28,9,37
"96",2018-01-04,27,10,37
"97",2018-01-05,27,10,37
"98",2018-01-05,24,13,37
"99",2018-01-05,24,12,36
"100",2018-01-05,25,10,35
"101",2018-01-05,22,14,36
"102",2018-01-05,22,14,36
"103",2018-01-05,21,15,36
"104",2018-01-05,20,16,36
"105",2018-01-05,19,16,35
"106",2018-01-05,22,13,35
"107",2018-01-05,26,9,35
"108",2018-01-05,28,6,34
"109",2018-01-05,28,7,35
"110",2018-01-05,29,6,35
"111",2018-01-05,29,6,35
"112",2018-01-05,28,7,35
"113",2018-01-05,26,9,35
"114",2018-01-05,24,11,35
"115",2018-01-05,23,12,35
"116",2018-01-05,24,12,36
"117",2018-01-05,21,17,38
"118",2018-01-05,17,21,38
"119",2018-01-05,20,17,37
"120",2018-01-05,24,12,36
"121",2018-01-06,25,11,36
"122",2018-01-06,22,14,36
"123",2018-01-06,23,12,35
"124",2018-01-06,24,10,34
"125",2018-01-06,24,11,35
"126",2018-01-06,22,13,35
"127",2018-01-06,21,14,35
"128",2018-01-06,22,14,36
"129",2018-01-06,17,19,36
"130",2018-01-06,22,14,36
"131",2018-01-06,27,8,35
"132",2018-01-06,29,6,35
"133",2018-01-06,30,5,35
"134",2018-01-06,30,5,35
"135",2018-01-06,31,5,36
"136",2018-01-06,29,7,36
"137",2018-01-06,29,8,37
"138",2018-01-06,23,16,39
"139",2018-01-06,16,24,40
"140",2018-01-06,16,25,41
"141",2018-01-06,25,14,39
"142",2018-01-06,21,19,40
"143",2018-01-06,17,24,41
"144",2018-01-06,11,32,43
"145",2018-01-07,7,37,44
"146",2018-01-07,7,38,45
"147",2018-01-07,3,42,45
"148",2018-01-07,NA,NA,NA
"149",2018-01-07,2,41,43
"150",2018-01-07,4,41,45
"151",2018-01-07,19,20,39
"152",2018-01-07,18,22,40
"153",2018-01-07,23,16,39
"154",2018-01-07,26,11,37
"155",2018-01-07,27,11,38
"156",2018-01-07,30,9,39
"157",2018-01-07,31,8,39
"158",2018-01-07,32,7,39
"159",2018-01-07,33,7,40
"160",2018-01-07,30,10,40
"161",2018-01-07,30,10,40
"162",2018-01-07,29,12,41
"163",2018-01-07,28,12,40
"164",2018-01-07,25,15,40
"165",2018-01-07,27,13,40
"166",2018-01-07,25,15,40
"167",2018-01-07,26,14,40
"168",2018-01-07,25,15,40
"169",2018-01-08,23,17,40
"170",2018-01-08,28,10,38
"171",2018-01-08,27,10,37
"172",2018-01-08,27,9,36
"173",2018-01-08,27,9,36
"174",2018-01-08,27,9,36
"175",2018-01-08,26,9,35
"176",2018-01-08,24,11,35
"177",2018-01-08,24,11,35
"178",2018-01-08,22,13,35
"179",2018-01-08,18,19,37
"180",2018-01-08,19,17,36
"181",2018-01-08,21,14,35
"182",2018-01-08,14,21,35
"183",2018-01-08,15,17,32
"184",2018-01-08,13,20,33
"185",2018-01-08,17,16,33
"186",2018-01-08,14,20,34
"187",2018-01-08,13,22,35
"188",2018-01-08,22,13,35
"189",2018-01-08,23,13,36
"190",2018-01-08,25,11,36
"191",2018-01-08,26,10,36
"192",2018-01-08,25,10,35
"193",2018-01-09,24,12,36
"194",2018-01-09,24,14,38
"195",2018-01-09,21,16,37
"196",2018-01-09,25,11,36
"197",2018-01-09,25,9,34
"198",2018-01-09,24,9,33
"199",2018-01-09,20,12,32
"200",2018-01-09,15,19,34
"201",2018-01-09,14,21,35
"202",2018-01-09,17,17,34
"203",2018-01-09,19,14,33
"204",2018-01-09,19,14,33
"205",2018-01-09,17,16,33
"206",2018-01-09,16,16,32
"207",2018-01-09,18,14,32
"208",2018-01-09,16,16,32
"209",2018-01-09,16,17,33
"210",2018-01-09,15,17,32
"211",2018-01-09,16,16,32
"212",2018-01-09,20,11,31
"213",2018-01-09,16,15,31
"214",2018-01-09,20,11,31
"215",2018-01-09,20,12,32
"216",2018-01-09,23,8,31
"217",2018-01-10,22,9,31
"218",2018-01-10,22,10,32
"219",2018-01-10,25,8,33
"220",2018-01-10,26,7,33
"221",2018-01-10,24,9,33
"222",2018-01-10,20,15,35
"223",2018-01-10,17,20,37
"224",2018-01-10,11,27,38
"225",2018-01-10,14,26,40
"226",2018-01-10,17,21,38
"227",2018-01-10,17,22,39
"228",2018-01-10,17,22,39
"229",2018-01-10,21,19,40
"230",2018-01-10,20,19,39
"231",2018-01-10,17,22,39
"232",2018-01-10,15,26,41
"233",2018-01-10,16,24,40
"234",2018-01-10,17,22,39
"235",2018-01-10,16,24,40
"236",2018-01-10,11,29,40
"237",2018-01-10,12,26,38
"238",2018-01-10,17,19,36
"239",2018-01-10,17,18,35
"240",2018-01-10,7,31,38
"241",2018-01-11,17,17,34
"242",2018-01-11,24,10,34
"243",2018-01-11,27,7,34
"244",2018-01-11,28,6,34
"245",2018-01-11,27,6,33
"246",2018-01-11,26,8,34
"247",2018-01-11,23,10,33
"248",2018-01-11,22,12,34
"249",2018-01-11,19,17,36
"250",2018-01-11,21,15,36
"251",2018-01-11,24,13,37
"252",2018-01-11,24,13,37
"253",2018-01-11,26,11,37
"254",2018-01-11,26,11,37
"255",2018-01-11,26,13,39
"256",2018-01-11,26,14,40
"257",2018-01-11,27,12,39
"258",2018-01-11,27,10,37
"259",2018-01-11,27,9,36
"260",2018-01-11,22,14,36
"261",2018-01-11,25,10,35
"262",2018-01-11,26,8,34
"263",2018-01-11,27,6,33
"264",2018-01-11,28,5,33
"265",2018-01-12,29,5,34
"266",2018-01-12,28,5,33
"267",2018-01-12,27,4,31
"268",2018-01-12,28,3,31
"269",2018-01-12,26,4,30
"270",2018-01-12,25,5,30
"271",2018-01-12,21,8,29
"272",2018-01-12,11,17,28
"273",2018-01-12,6,20,26
"274",2018-01-12,10,10,20
"275",2018-01-12,13,8,21
"276",2018-01-12,17,8,25
"277",2018-01-12,20,9,29
"278",2018-01-12,21,9,30
"279",2018-01-12,25,6,31
"280",2018-01-12,27,7,34
"281",2018-01-12,28,8,36
"282",2018-01-12,28,7,35
"283",2018-01-12,29,8,37
"284",2018-01-12,31,7,38
"285",2018-01-12,30,10,40
"286",2018-01-12,30,11,41
"287",2018-01-12,32,9,41
"288",2018-01-12,31,9,40
"289",2018-01-13,32,8,40
"290",2018-01-13,32,8,40
"291",2018-01-13,33,6,39
"292",2018-01-13,33,6,39
"293",2018-01-13,33,6,39
"294",2018-01-13,33,6,39
"295",2018-01-13,32,7,39
"296",2018-01-13,30,8,38
"297",2018-01-13,29,8,37
"298",2018-01-13,30,7,37
"299",2018-01-13,31,6,37
"300",2018-01-13,32,6,38
"301",2018-01-13,32,5,37
"302",2018-01-13,32,5,37
"303",2018-01-13,34,4,38
"304",2018-01-13,33,5,38
"305",2018-01-13,33,6,39
"306",2018-01-13,31,8,39
"307",2018-01-13,30,8,38
"308",2018-01-13,29,10,39
"309",2018-01-13,29,10,39
"310",2018-01-13,27,12,39
"311",2018-01-13,24,15,39
"312",2018-01-13,25,13,38
"313",2018-01-14,22,17,39
"314",2018-01-14,19,21,40
"315",2018-01-14,11,29,40
"316",2018-01-14,NA,NA,NA
"317",2018-01-14,5,36,41
"318",2018-01-14,11,28,39
"319",2018-01-14,14,25,39
"320",2018-01-14,7,36,43
"321",2018-01-14,2,47,49
"322",2018-01-14,5,42,47
"323",2018-01-14,23,17,40
"324",2018-01-14,30,7,37
"325",2018-01-14,27,12,39
"326",2018-01-14,29,9,38
"327",2018-01-14,33,5,38
"328",2018-01-14,33,5,38
"329",2018-01-14,30,9,39
"330",2018-01-14,30,9,39
"331",2018-01-14,32,7,39
"332",2018-01-14,29,11,40
"333",2018-01-14,28,13,41
"334",2018-01-14,25,15,40
"335",2018-01-14,27,13,40
"336",2018-01-14,29,10,39
"337",2018-01-15,30,9,39
"338",2018-01-15,30,10,40
"339",2018-01-15,30,10,40
"340",2018-01-15,30,9,39
"341",2018-01-15,31,9,40
"342",2018-01-15,31,11,42
"343",2018-01-15,30,11,41
"344",2018-01-15,27,14,41
"345",2018-01-15,27,14,41
"346",2018-01-15,28,13,41
"347",2018-01-15,28,14,42
"348",2018-01-15,28,13,41
"349",2018-01-15,27,14,41
"350",2018-01-15,25,16,41
"351",2018-01-15,24,17,41
"352",2018-01-15,26,15,41
"353",2018-01-15,25,16,41
"354",2018-01-15,24,17,41
"355",2018-01-15,24,17,41
"356",2018-01-15,24,16,40
"357",2018-01-15,13,27,40
"358",2018-01-15,9,31,40
"359",2018-01-15,8,31,39
"360",2018-01-15,10,28,38
"361",2018-01-16,10,26,36
"362",2018-01-16,11,25,36
"363",2018-01-16,9,27,36
"364",2018-01-16,8,28,36
"365",2018-01-16,7,28,35
"366",2018-01-16,6,30,36
"367",2018-01-16,2,35,37
"368",2018-01-16,1,38,39
"369",2018-01-16,3,36,39
"370",2018-01-16,10,25,35
"371",2018-01-16,10,25,35
"372",2018-01-16,13,24,37
"373",2018-01-16,15,19,34
"374",2018-01-16,21,14,35
"375",2018-01-16,25,12,37
"376",2018-01-16,23,14,37
"377",2018-01-16,21,14,35
"378",2018-01-16,20,15,35
"379",2018-01-16,18,17,35
"380",2018-01-16,10,25,35
"381",2018-01-16,11,24,35
"382",2018-01-16,14,19,33
"383",2018-01-16,16,14,30
"384",2018-01-16,19,12,31
"385",2018-01-17,16,13,29
"386",2018-01-17,14,15,29
"387",2018-01-17,7,22,29
"388",2018-01-17,7,22,29
"389",2018-01-17,5,23,28
"390",2018-01-17,3,27,30
"391",2018-01-17,1,31,32
"392",2018-01-17,2,28,30
"393",2018-01-17,3,27,30
"394",2018-01-17,5,28,33
"395",2018-01-17,15,21,36
"396",2018-01-17,25,13,38
"397",2018-01-17,30,10,40
"398",2018-01-17,28,12,40
"399",2018-01-17,26,15,41
"400",2018-01-17,26,14,40
"401",2018-01-17,25,14,39
"402",2018-01-17,23,16,39
"403",2018-01-17,21,17,38
"404",2018-01-17,22,15,37
"405",2018-01-17,22,14,36
"406",2018-01-17,23,13,36
"407",2018-01-17,22,13,35
"408",2018-01-17,21,14,35
"409",2018-01-18,19,16,35
"410",2018-01-18,21,14,35
"411",2018-01-18,21,14,35
"412",2018-01-18,22,13,35
"413",2018-01-18,20,15,35
"414",2018-01-18,17,18,35
"415",2018-01-18,17,18,35
"416",2018-01-18,15,20,35
"417",2018-01-18,13,21,34
"418",2018-01-18,15,18,33
"419",2018-01-18,16,18,34
"420",2018-01-18,16,17,33
"421",2018-01-18,18,15,33
"422",2018-01-18,16,18,34
"423",2018-01-18,18,16,34
"424",2018-01-18,19,16,35
"425",2018-01-18,17,17,34
"426",2018-01-18,19,15,34
"427",2018-01-18,19,15,34
"428",2018-01-18,21,14,35
"429",2018-01-18,20,17,37
"430",2018-01-18,20,17,37
"431",2018-01-18,21,15,36
"432",2018-01-18,22,15,37
"433",2018-01-19,20,16,36
"434",2018-01-19,16,21,37
"435",2018-01-19,16,20,36
"436",2018-01-19,16,19,35
"437",2018-01-19,14,22,36
"438",2018-01-19,15,20,35
"439",2018-01-19,14,20,34
"440",2018-01-19,11,23,34
"441",2018-01-19,13,21,34
"442",2018-01-19,15,20,35
"443",2018-01-19,18,19,37
"444",2018-01-19,23,15,38
"445",2018-01-19,25,14,39
"446",2018-01-19,29,11,40
"447",2018-01-19,30,11,41
"448",2018-01-19,30,12,42
"449",2018-01-19,26,16,42
"450",2018-01-19,25,17,42
"451",2018-01-19,28,14,42
"452",2018-01-19,29,15,44
"453",2018-01-19,31,13,44
"454",2018-01-19,31,13,44
"455",2018-01-19,31,13,44
"456",2018-01-19,30,13,43
"457",2018-01-20,30,13,43
"458",2018-01-20,33,9,42
"459",2018-01-20,31,10,41
"460",2018-01-20,30,10,40
"461",2018-01-20,29,9,38
"462",2018-01-20,26,11,37
"463",2018-01-20,22,15,37
"464",2018-01-20,20,18,38
"465",2018-01-20,20,17,37
"466",2018-01-20,21,15,36
"467",2018-01-20,19,18,37
"468",2018-01-20,23,14,37
"469",2018-01-20,25,13,38
"470",2018-01-20,21,18,39
"471",2018-01-20,22,18,40
"472",2018-01-20,25,15,40
"473",2018-01-20,20,21,41
"474",2018-01-20,18,22,40
"475",2018-01-20,16,24,40
"476",2018-01-20,17,22,39
"477",2018-01-20,18,19,37
"478",2018-01-20,18,17,35
"479",2018-01-20,14,20,34
"480",2018-01-20,6,29,35
"481",2018-01-21,7,27,34
"482",2018-01-21,6,29,35
"483",2018-01-21,9,23,32
"484",2018-01-21,NA,NA,NA
"485",2018-01-21,4,27,31
"486",2018-01-21,4,25,29
"487",2018-01-21,2,28,30
"488",2018-01-21,1,30,31
"489",2018-01-21,4,25,29
"490",2018-01-21,8,21,29
"491",2018-01-21,12,20,32
"492",2018-01-21,14,18,32
"493",2018-01-21,13,19,32
"494",2018-01-21,15,20,35
"495",2018-01-21,20,15,35
"496",2018-01-21,9,27,36
"497",2018-01-21,12,24,36
"498",2018-01-21,16,19,35
"499",2018-01-21,17,17,34
"500",2018-01-21,17,16,33
"501",2018-01-21,18,16,34
"502",2018-01-21,19,16,35
"503",2018-01-21,18,17,35
"504",2018-01-21,20,14,34
"505",2018-01-22,22,13,35
"506",2018-01-22,18,16,34
"507",2018-01-22,19,16,35
"508",2018-01-22,22,12,34
"509",2018-01-22,24,11,35
"510",2018-01-22,24,11,35
"511",2018-01-22,22,12,34
"512",2018-01-22,19,14,33
"513",2018-01-22,18,13,31
"514",2018-01-22,18,11,29
"515",2018-01-22,19,10,29
"516",2018-01-22,20,10,30
"517",2018-01-22,20,10,30
"518",2018-01-22,21,9,30
"519",2018-01-22,21,10,31
"520",2018-01-22,21,10,31
"521",2018-01-22,23,10,33
"522",2018-01-22,23,10,33
"523",2018-01-22,23,10,33
"524",2018-01-22,23,10,33
"525",2018-01-22,22,10,32
"526",2018-01-22,22,11,33
"527",2018-01-22,21,12,33
"528",2018-01-22,21,11,32
"529",2018-01-23,20,12,32
"530",2018-01-23,18,13,31
"531",2018-01-23,18,11,29
"532",2018-01-23,17,12,29
"533",2018-01-23,10,19,29
"534",2018-01-23,2,28,30
"535",2018-01-23,2,30,32
"536",2018-01-23,4,27,31
"537",2018-01-23,12,21,33
"538",2018-01-23,22,17,39
"539",2018-01-23,20,19,39
"540",2018-01-23,23,11,34
"541",2018-01-23,21,9,30
"542",2018-01-23,17,10,27
"543",2018-01-23,15,10,25
"544",2018-01-23,14,10,24
"545",2018-01-23,13,11,24
"546",2018-01-23,10,13,23
"547",2018-01-23,16,11,27
"548",2018-01-23,27,6,33
"549",2018-01-23,28,6,34
"550",2018-01-23,30,5,35
"551",2018-01-23,29,5,34
"552",2018-01-23,31,4,35
"553",2018-01-24,30,5,35
"554",2018-01-24,32,4,36
"555",2018-01-24,31,4,35
"556",2018-01-24,30,5,35
"557",2018-01-24,31,4,35
"558",2018-01-24,30,6,36
"559",2018-01-24,29,8,37
"560",2018-01-24,29,10,39
"561",2018-01-24,29,9,38
"562",2018-01-24,27,12,39
"563",2018-01-24,26,13,39
"564",2018-01-24,29,10,39
"565",2018-01-24,30,10,40
"566",2018-01-24,30,9,39
"567",2018-01-24,28,11,39
"568",2018-01-24,27,13,40
"569",2018-01-24,29,11,40
"570",2018-01-24,25,14,39
"571",2018-01-24,26,14,40
"572",2018-01-24,29,11,40
"573",2018-01-24,29,12,41
"574",2018-01-24,28,12,40
"575",2018-01-24,27,14,41
"576",2018-01-24,27,15,42
"577",2018-01-25,27,14,41
"578",2018-01-25,29,13,42
"579",2018-01-25,27,13,40
"580",2018-01-25,27,13,40
"581",2018-01-25,27,13,40
"582",2018-01-25,22,19,41
"583",2018-01-25,20,21,41
"584",2018-01-25,16,25,41
"585",2018-01-25,6,38,44
"586",2018-01-25,8,35,43
"587",2018-01-25,18,25,43
"588",2018-01-25,25,17,42
"589",2018-01-25,26,15,41
"590",2018-01-25,27,14,41
"591",2018-01-25,29,12,41
"592",2018-01-25,27,13,40
"593",2018-01-25,27,12,39
"594",2018-01-25,20,18,38
"595",2018-01-25,13,25,38
"596",2018-01-25,18,19,37
"597",2018-01-25,18,17,35
"598",2018-01-25,19,16,35
"599",2018-01-25,21,13,34
"600",2018-01-25,22,13,35
"601",2018-01-26,23,11,34
"602",2018-01-26,23,12,35
"603",2018-01-26,21,14,35
"604",2018-01-26,28,8,36
"605",2018-01-26,23,14,37
"606",2018-01-26,22,14,36
"607",2018-01-26,22,15,37
"608",2018-01-26,17,21,38
"609",2018-01-26,16,23,39
"610",2018-01-26,20,16,36
"611",2018-01-26,23,12,35
"612",2018-01-26,23,11,34
"613",2018-01-26,23,11,34
"614",2018-01-26,20,15,35
"615",2018-01-26,21,15,36
"616",2018-01-26,22,14,36
"617",2018-01-26,22,13,35
"618",2018-01-26,15,21,36
"619",2018-01-26,10,28,38
"620",2018-01-26,8,30,38
"621",2018-01-26,5,36,41
"622",2018-01-26,13,28,41
"623",2018-01-26,23,15,38
"624",2018-01-26,25,12,37
"625",2018-01-27,27,11,38
"626",2018-01-27,29,9,38
"627",2018-01-27,29,9,38
"628",2018-01-27,31,7,38
"629",2018-01-27,31,7,38
"630",2018-01-27,33,6,39
"631",2018-01-27,31,7,38
"632",2018-01-27,29,8,37
"633",2018-01-27,30,8,38
"634",2018-01-27,30,9,39
"635",2018-01-27,30,9,39
"636",2018-01-27,31,9,40
"637",2018-01-27,30,10,40
"638",2018-01-27,31,8,39
"639",2018-01-27,28,10,38
"640",2018-01-27,26,10,36
"641",2018-01-27,23,12,35
"642",2018-01-27,21,14,35
"643",2018-01-27,20,13,33
"644",2018-01-27,20,12,32
"645",2018-01-27,21,9,30
"646",2018-01-27,15,16,31
"647",2018-01-27,24,8,32
"648",2018-01-27,21,12,33
"649",2018-01-28,15,17,32
"650",2018-01-28,18,14,32
"651",2018-01-28,18,14,32
"652",2018-01-28,NA,NA,NA
"653",2018-01-28,15,18,33
"654",2018-01-28,16,16,32
"655",2018-01-28,17,15,32
"656",2018-01-28,13,21,34
"657",2018-01-28,15,18,33
"658",2018-01-28,17,15,32
"659",2018-01-28,20,13,33
"660",2018-01-28,18,16,34
"661",2018-01-28,19,13,32
"662",2018-01-28,19,13,32
"663",2018-01-28,24,9,33
"664",2018-01-28,24,6,30
"665",2018-01-28,22,7,29
"666",2018-01-28,19,10,29
"667",2018-01-28,15,15,30
"668",2018-01-28,17,14,31
"669",2018-01-28,17,14,31
"670",2018-01-28,15,15,30
"671",2018-01-28,15,16,31
"672",2018-01-28,17,14,31
"673",2018-01-29,14,18,32
"674",2018-01-29,16,16,32
"675",2018-01-29,15,16,31
"676",2018-01-29,13,17,30
"677",2018-01-29,14,15,29
"678",2018-01-29,17,12,29
"679",2018-01-29,16,14,30
"680",2018-01-29,12,20,32
"681",2018-01-29,11,23,34
"682",2018-01-29,11,23,34
"683",2018-01-29,18,16,34
"684",2018-01-29,23,10,33
"685",2018-01-29,23,10,33
"686",2018-01-29,22,12,34
"687",2018-01-29,19,15,34
"688",2018-01-29,14,19,33
"689",2018-01-29,15,18,33
"690",2018-01-29,17,16,33
"691",2018-01-29,17,15,32
"692",2018-01-29,19,14,33
"693",2018-01-29,15,18,33
"694",2018-01-29,18,14,32
"695",2018-01-29,20,13,33
"696",2018-01-29,20,14,34
"697",2018-01-30,21,13,34
"698",2018-01-30,23,11,34
"699",2018-01-30,24,10,34
"700",2018-01-30,23,9,32
"701",2018-01-30,24,8,32
"702",2018-01-30,25,8,33
"703",2018-01-30,25,10,35
"704",2018-01-30,22,14,36
"705",2018-01-30,23,13,36
"706",2018-01-30,26,10,36
"707",2018-01-30,28,8,36
"708",2018-01-30,29,8,37
"709",2018-01-30,30,7,37
"710",2018-01-30,32,6,38
"711",2018-01-30,32,6,38
"712",2018-01-30,32,6,38
"713",2018-01-30,31,7,38
"714",2018-01-30,28,11,39
"715",2018-01-30,28,11,39
"716",2018-01-30,24,14,38
"717",2018-01-30,20,18,38
"718",2018-01-30,19,19,38
"719",2018-01-30,16,23,39
"720",2018-01-30,17,21,38
"721",2018-01-31,9,31,40
"722",2018-01-31,7,36,43
"723",2018-01-31,12,27,39
"724",2018-01-31,6,34,40
"725",2018-01-31,5,36,41
"726",2018-01-31,15,25,40
"727",2018-01-31,30,8,38
"728",2018-01-31,27,11,38
"729",2018-01-31,30,9,39
"730",2018-01-31,29,9,38
"731",2018-01-31,28,11,39
"732",2018-01-31,23,16,39
"733",2018-01-31,24,16,40
"734",2018-01-31,26,14,40
"735",2018-01-31,30,10,40
"736",2018-01-31,30,10,40
"737",2018-01-31,27,13,40
"738",2018-01-31,26,13,39
"739",2018-01-31,23,16,39
"740",2018-01-31,20,17,37
"741",2018-01-31,21,14,35
"742",2018-01-31,20,14,34
"743",2018-01-31,17,16,33
"744",2018-01-31,17,15,32
"745",2018-02-01,16,16,32
"746",2018-02-01,17,13,30
"747",2018-02-01,15,15,30
"748",2018-02-01,15,14,29
"749",2018-02-01,13,15,28
"750",2018-02-01,14,12,26
"751",2018-02-01,14,11,25
"752",2018-02-01,6,20,26
"753",2018-02-01,6,21,27
"754",2018-02-01,11,16,27
"755",2018-02-01,15,13,28
"756",2018-02-01,18,12,30
"757",2018-02-01,24,9,33
"758",2018-02-01,24,8,32
"759",2018-02-01,24,8,32
"760",2018-02-01,21,13,34
"761",2018-02-01,25,9,34
"762",2018-02-01,26,9,35
"763",2018-02-01,28,8,36
"764",2018-02-01,28,7,35
"765",2018-02-01,28,8,36
"766",2018-02-01,26,9,35
"767",2018-02-01,25,10,35
"768",2018-02-01,27,8,35
"769",2018-02-02,25,10,35
"770",2018-02-02,23,13,36
"771",2018-02-02,24,11,35
"772",2018-02-02,24,11,35
"773",2018-02-02,27,7,34
"774",2018-02-02,26,7,33
"775",2018-02-02,23,10,33
"776",2018-02-02,22,12,34
"777",2018-02-02,23,12,35
"778",2018-02-02,27,9,36
"779",2018-02-02,27,10,37
"780",2018-02-02,28,8,36
"781",2018-02-02,30,6,36
"782",2018-02-02,32,6,38
"783",2018-02-02,33,6,39
"784",2018-02-02,35,5,40
"785",2018-02-02,34,6,40
"786",2018-02-02,31,10,41
"787",2018-02-02,30,10,40
"788",2018-02-02,24,17,41
"789",2018-02-02,26,13,39
"790",2018-02-02,26,12,38
"791",2018-02-02,26,12,38
"792",2018-02-02,25,13,38
"793",2018-02-03,22,15,37
"794",2018-02-03,24,14,38
"795",2018-02-03,25,13,38
"796",2018-02-03,32,6,38
"797",2018-02-03,30,9,39
"798",2018-02-03,30,8,38
"799",2018-02-03,28,9,37
"800",2018-02-03,24,12,36
"801",2018-02-03,22,12,34
"802",2018-02-03,20,14,34
"803",2018-02-03,23,11,34
"804",2018-02-03,26,8,34
"805",2018-02-03,26,9,35
"806",2018-02-03,26,9,35
"807",2018-02-03,26,8,34
"808",2018-02-03,24,9,33
"809",2018-02-03,24,9,33
"810",2018-02-03,27,9,36
"811",2018-02-03,28,8,36
"812",2018-02-03,28,8,36
"813",2018-02-03,27,8,35
"814",2018-02-03,28,7,35
"815",2018-02-03,28,6,34
"816",2018-02-03,26,8,34
"817",2018-02-04,27,7,34
"818",2018-02-04,19,16,35
"819",2018-02-04,16,20,36
"820",2018-02-04,NA,NA,NA
"821",2018-02-04,24,10,34
"822",2018-02-04,21,14,35
"823",2018-02-04,16,18,34
"824",2018-02-04,15,19,34
"825",2018-02-04,17,16,33
"826",2018-02-04,16,17,33
"827",2018-02-04,20,14,34
"828",2018-02-04,25,10,35
"829",2018-02-04,26,9,35
"830",2018-02-04,27,8,35
"831",2018-02-04,26,9,35
"832",2018-02-04,24,11,35
"833",2018-02-04,20,15,35
"834",2018-02-04,17,18,35
"835",2018-02-04,20,13,33
"836",2018-02-04,26,9,35
"837",2018-02-04,29,8,37
"838",2018-02-04,31,7,38
"839",2018-02-04,32,7,39
"840",2018-02-04,33,6,39
"841",2018-02-05,32,6,38
"842",2018-02-05,33,6,39
"843",2018-02-05,31,8,39
"844",2018-02-05,28,10,38
"845",2018-02-05,30,10,40
"846",2018-02-05,31,9,40
"847",2018-02-05,22,19,41
"848",2018-02-05,20,22,42
"849",2018-02-05,19,23,42
"850",2018-02-05,18,25,43
"851",2018-02-05,23,19,42
"852",2018-02-05,28,14,42
"853",2018-02-05,31,12,43
"854",2018-02-05,35,8,43
"855",2018-02-05,33,10,43
"856",2018-02-05,35,9,44
"857",2018-02-05,32,13,45
"858",2018-02-05,29,16,45
"859",2018-02-05,29,14,43
"860",2018-02-05,30,12,42
"861",2018-02-05,33,10,43
"862",2018-02-05,28,15,43
"863",2018-02-05,29,16,45
"864",2018-02-05,28,16,44
"865",2018-02-06,28,15,43
"866",2018-02-06,26,16,42
"867",2018-02-06,29,12,41
"868",2018-02-06,27,13,40
"869",2018-02-06,24,16,40
"870",2018-02-06,21,19,40
"871",2018-02-06,20,19,39
"872",2018-02-06,17,22,39
"873",2018-02-06,17,22,39
"874",2018-02-06,22,17,39
"875",2018-02-06,22,18,40
"876",2018-02-06,27,12,39
"877",2018-02-06,31,10,41
"878",2018-02-06,33,9,42
"879",2018-02-06,34,8,42
"880",2018-02-06,34,9,43
"881",2018-02-06,34,10,44
"882",2018-02-06,32,12,44
"883",2018-02-06,29,15,44
"884",2018-02-06,24,21,45
"885",2018-02-06,22,23,45
"886",2018-02-06,16,29,45
"887",2018-02-06,13,32,45
"888",2018-02-06,10,36,46
"889",2018-02-07,14,32,46
"890",2018-02-07,20,25,45
"891",2018-02-07,9,37,46
"892",2018-02-07,4,44,48
"893",2018-02-07,13,31,44
"894",2018-02-07,13,29,42
"895",2018-02-07,9,35,44
"896",2018-02-07,23,23,46
"897",2018-02-07,21,24,45
"898",2018-02-07,20,22,42
"899",2018-02-07,10,35,45
"900",2018-02-07,10,36,46
"901",2018-02-07,20,20,40
"902",2018-02-07,28,14,42
"903",2018-02-07,29,14,43
"904",2018-02-07,31,13,44
"905",2018-02-07,32,13,45
"906",2018-02-07,30,15,45
"907",2018-02-07,24,21,45
"908",2018-02-07,20,26,46
"909",2018-02-07,10,38,48
"910",2018-02-07,6,44,50
"911",2018-02-07,7,42,49
"912",2018-02-07,11,35,46
"913",2018-02-08,7,41,48
"914",2018-02-08,6,40,46
"915",2018-02-08,6,40,46
"916",2018-02-08,14,30,44
"917",2018-02-08,15,28,43
"918",2018-02-08,9,35,44
"919",2018-02-08,5,41,46
"920",2018-02-08,5,43,48
"921",2018-02-08,5,46,51
"922",2018-02-08,11,39,50
"923",2018-02-08,28,17,45
"924",2018-02-08,33,11,44
"925",2018-02-08,35,9,44
"926",2018-02-08,34,10,44
"927",2018-02-08,34,11,45
"928",2018-02-08,39,7,46
"929",2018-02-08,37,10,47
"930",2018-02-08,32,14,46
"931",2018-02-08,28,18,46
"932",2018-02-08,29,17,46
"933",2018-02-08,28,18,46
"934",2018-02-08,23,23,46
"935",2018-02-08,18,26,44
"936",2018-02-08,20,23,43
"937",2018-02-09,21,21,42
"938",2018-02-09,21,22,43
"939",2018-02-09,21,20,41
"940",2018-02-09,18,23,41
"941",2018-02-09,14,27,41
"942",2018-02-09,13,27,40
"943",2018-02-09,15,26,41
"944",2018-02-09,12,31,43
"945",2018-02-09,15,27,42
"946",2018-02-09,21,19,40
"947",2018-02-09,17,24,41
"948",2018-02-09,21,20,41
"949",2018-02-09,31,11,42
"950",2018-02-09,30,14,44
"951",2018-02-09,25,21,46
"952",2018-02-09,26,20,46
"953",2018-02-09,25,22,47
"954",2018-02-09,25,21,46
"955",2018-02-09,26,21,47
"956",2018-02-09,28,19,47
"957",2018-02-09,16,31,47
"958",2018-02-09,7,39,46
"959",2018-02-09,7,38,45
"960",2018-02-09,12,32,44
"961",2018-02-10,18,25,43
"962",2018-02-10,14,30,44
"963",2018-02-10,9,32,41
"964",2018-02-10,6,35,41
"965",2018-02-10,6,35,41
"966",2018-02-10,7,35,42
"967",2018-02-10,11,31,42
"968",2018-02-10,14,28,42
"969",2018-02-10,18,24,42
"970",2018-02-10,15,27,42
"971",2018-02-10,14,29,43
"972",2018-02-10,18,25,43
"973",2018-02-10,16,29,45
"974",2018-02-10,20,26,46
"975",2018-02-10,22,22,44
"976",2018-02-10,21,22,43
"977",2018-02-10,24,19,43
"978",2018-02-10,24,19,43
"979",2018-02-10,24,19,43
"980",2018-02-10,21,22,43
"981",2018-02-10,23,19,42
"982",2018-02-10,23,18,41
"983",2018-02-10,20,20,40
"984",2018-02-10,19,21,40
"985",2018-02-11,21,18,39
"986",2018-02-11,21,19,40
"987",2018-02-11,20,20,40
"988",2018-02-11,NA,NA,NA
"989",2018-02-11,22,19,41
"990",2018-02-11,20,19,39
"991",2018-02-11,27,14,41
"992",2018-02-11,33,9,42
"993",2018-02-11,32,9,41
"994",2018-02-11,31,10,41
"995",2018-02-11,30,9,39
"996",2018-02-11,30,9,39
"997",2018-02-11,29,9,38
"998",2018-02-11,27,11,38
"999",2018-02-11,27,11,38
"1000",2018-02-11,22,16,38
"1001",2018-02-11,18,20,38
"1002",2018-02-11,12,28,40
"1003",2018-02-11,16,23,39
"1004",2018-02-11,9,32,41
"1005",2018-02-11,24,17,41
"1006",2018-02-11,33,8,41
"1007",2018-02-11,34,8,42
"1008",2018-02-11,31,10,41
"1009",2018-02-12,33,8,41
"1010",2018-02-12,34,9,43
"1011",2018-02-12,33,9,42
"1012",2018-02-12,34,7,41
"1013",2018-02-12,32,10,42
"1014",2018-02-12,25,18,43
"1015",2018-02-12,18,26,44
"1016",2018-02-12,17,28,45
"1017",2018-02-12,19,27,46
"1018",2018-02-12,19,30,49
"1019",2018-02-12,25,23,48
"1020",2018-02-12,33,10,43
"1021",2018-02-12,36,6,42
"1022",2018-02-12,36,7,43
"1023",2018-02-12,35,8,43
"1024",2018-02-12,35,7,42
"1025",2018-02-12,34,8,42
"1026",2018-02-12,32,9,41
"1027",2018-02-12,29,13,42
"1028",2018-02-12,26,16,42
"1029",2018-02-12,20,22,42
"1030",2018-02-12,19,23,42
"1031",2018-02-12,13,29,42
"1032",2018-02-12,8,36,44
"1033",2018-02-13,10,33,43
"1034",2018-02-13,5,42,47
"1035",2018-02-13,7,39,46
"1036",2018-02-13,15,29,44
"1037",2018-02-13,7,39,46
"1038",2018-02-13,10,36,46
"1039",2018-02-13,12,32,44
"1040",2018-02-13,4,44,48
"1041",2018-02-13,6,43,49
"1042",2018-02-13,8,41,49
"1043",2018-02-13,23,20,43
"1044",2018-02-13,22,20,42
"1045",2018-02-13,29,14,43
"1046",2018-02-13,32,11,43
"1047",2018-02-13,31,13,44
"1048",2018-02-13,32,13,45
"1049",2018-02-13,31,14,45
"1050",2018-02-13,30,15,45
"1051",2018-02-13,29,16,45
"1052",2018-02-13,27,18,45
"1053",2018-02-13,28,17,45
"1054",2018-02-13,27,18,45
"1055",2018-02-13,25,19,44
"1056",2018-02-13,27,17,44
"1057",2018-02-14,27,16,43
"1058",2018-02-14,30,12,42
"1059",2018-02-14,28,14,42
"1060",2018-02-14,15,26,41
"1061",2018-02-14,14,26,40
"1062",2018-02-14,20,15,35
"1063",2018-02-14,19,16,35
"1064",2018-02-14,14,20,34
"1065",2018-02-14,15,18,33
"1066",2018-02-14,16,17,33
"1067",2018-02-14,22,12,34
"1068",2018-02-14,24,13,37
"1069",2018-02-14,26,14,40
"1070",2018-02-14,32,11,43
"1071",2018-02-14,32,13,45
"1072",2018-02-14,34,13,47
"1073",2018-02-14,35,12,47
"1074",2018-02-14,32,15,47
"1075",2018-02-14,32,16,48
"1076",2018-02-14,29,18,47
"1077",2018-02-14,28,17,45
"1078",2018-02-14,24,18,42
"1079",2018-02-14,23,17,40
"1080",2018-02-14,22,13,35
"1081",2018-02-15,22,13,35
"1082",2018-02-15,21,11,32
"1083",2018-02-15,19,11,30
"1084",2018-02-15,17,11,28
"1085",2018-02-15,13,13,26
"1086",2018-02-15,11,12,23
"1087",2018-02-15,8,13,21
"1088",2018-02-15,4,18,22
"1089",2018-02-15,9,17,26
"1090",2018-02-15,10,14,24
"1091",2018-02-15,11,13,24
"1092",2018-02-15,13,11,24
"1093",2018-02-15,14,11,25
"1094",2018-02-15,13,16,29
"1095",2018-02-15,14,17,31
"1096",2018-02-15,13,19,32
"1097",2018-02-15,12,21,33
"1098",2018-02-15,15,17,32
"1099",2018-02-15,10,24,34
"1100",2018-02-15,3,32,35
"1101",2018-02-15,7,26,33
"1102",2018-02-15,6,25,31
"1103",2018-02-15,11,21,32
"1104",2018-02-15,15,16,31
"1105",2018-02-16,19,13,32
"1106",2018-02-16,30,9,39
"1107",2018-02-16,29,11,40
"1108",2018-02-16,24,16,40
"1109",2018-02-16,26,14,40
"1110",2018-02-16,21,18,39
"1111",2018-02-16,24,15,39
"1112",2018-02-16,23,18,41
"1113",2018-02-16,25,12,37
"1114",2018-02-16,23,10,33
"1115",2018-02-16,27,8,35
"1116",2018-02-16,30,8,38
"1117",2018-02-16,32,7,39
"1118",2018-02-16,34,6,40
"1119",2018-02-16,35,5,40
"1120",2018-02-16,35,6,41
"1121",2018-02-16,35,6,41
"1122",2018-02-16,35,6,41
"1123",2018-02-16,33,7,40
"1124",2018-02-16,33,7,40
"1125",2018-02-16,30,10,40
"1126",2018-02-16,26,14,40
"1127",2018-02-16,21,20,41
"1128",2018-02-16,20,20,40
"1129",2018-02-17,16,23,39
"1130",2018-02-17,19,20,39
"1131",2018-02-17,20,17,37
"1132",2018-02-17,14,24,38
"1133",2018-02-17,14,24,38
"1134",2018-02-17,10,29,39
"1135",2018-02-17,15,23,38
"1136",2018-02-17,23,14,37
"1137",2018-02-17,27,9,36
"1138",2018-02-17,30,7,37
"1139",2018-02-17,32,6,38
"1140",2018-02-17,33,6,39
"1141",2018-02-17,33,6,39
"1142",2018-02-17,33,7,40
"1143",2018-02-17,34,6,40
"1144",2018-02-17,33,6,39
"1145",2018-02-17,32,7,39
"1146",2018-02-17,32,7,39
"1147",2018-02-17,31,7,38
"1148",2018-02-17,23,15,38
"1149",2018-02-17,24,12,36
"1150",2018-02-17,25,10,35
"1151",2018-02-17,15,20,35
"1152",2018-02-17,19,15,34
"1153",2018-02-18,22,11,33
"1154",2018-02-18,25,10,35
"1155",2018-02-18,26,9,35
"1156",2018-02-18,NA,NA,NA
"1157",2018-02-18,19,17,36
"1158",2018-02-18,17,19,36
"1159",2018-02-18,18,17,35
"1160",2018-02-18,19,20,39
"1161",2018-02-18,24,16,40
"1162",2018-02-18,27,12,39
"1163",2018-02-18,32,6,38
"1164",2018-02-18,34,5,39
"1165",2018-02-18,35,5,40
"1166",2018-02-18,35,6,41
"1167",2018-02-18,36,5,41
"1168",2018-02-18,35,6,41
"1169",2018-02-18,35,6,41
"1170",2018-02-18,36,8,44
"1171",2018-02-18,35,8,43
"1172",2018-02-18,35,9,44
"1173",2018-02-18,35,9,44
"1174",2018-02-18,31,14,45
"1175",2018-02-18,29,14,43
"1176",2018-02-18,25,17,42
"1177",2018-02-19,23,18,41
"1178",2018-02-19,22,18,40
"1179",2018-02-19,23,15,38
"1180",2018-02-19,19,19,38
"1181",2018-02-19,17,22,39
"1182",2018-02-19,16,22,38
"1183",2018-02-19,11,28,39
"1184",2018-02-19,10,29,39
"1185",2018-02-19,12,26,38
"1186",2018-02-19,18,19,37
"1187",2018-02-19,17,21,38
"1188",2018-02-19,15,23,38
"1189",2018-02-19,10,28,38
"1190",2018-02-19,12,26,38
"1191",2018-02-19,13,23,36
"1192",2018-02-19,16,20,36
"1193",2018-02-19,13,23,36
"1194",2018-02-19,10,25,35
"1195",2018-02-19,5,30,35
"1196",2018-02-19,8,26,34
"1197",2018-02-19,9,25,34
"1198",2018-02-19,6,28,34
"1199",2018-02-19,4,30,34
"1200",2018-02-19,2,30,32
"1201",2018-02-20,1,30,31
"1202",2018-02-20,5,25,30
"1203",2018-02-20,8,18,26
"1204",2018-02-20,4,23,27
"1205",2018-02-20,7,18,25
"1206",2018-02-20,5,21,26
"1207",2018-02-20,1,27,28
"1208",2018-02-20,1,30,31
"1209",2018-02-20,5,23,28
"1210",2018-02-20,7,18,25
"1211",2018-02-20,10,16,26
"1212",2018-02-20,12,14,26
"1213",2018-02-20,13,13,26
"1214",2018-02-20,14,13,27
"1215",2018-02-20,15,12,27
"1216",2018-02-20,16,12,28
"1217",2018-02-20,18,10,28
"1218",2018-02-20,19,10,29
"1219",2018-02-20,20,10,30
"1220",2018-02-20,18,12,30
"1221",2018-02-20,18,11,29
"1222",2018-02-20,20,10,30
"1223",2018-02-20,23,6,29
"1224",2018-02-20,24,6,30
"1225",2018-02-21,26,6,32
"1226",2018-02-21,18,13,31
"1227",2018-02-21,16,14,30
"1228",2018-02-21,16,14,30
"1229",2018-02-21,19,9,28
"1230",2018-02-21,12,16,28
"1231",2018-02-21,7,21,28
"1232",2018-02-21,15,9,24
"1233",2018-02-21,16,8,24
"1234",2018-02-21,17,8,25
"1235",2018-02-21,20,8,28
"1236",2018-02-21,24,6,30
"1237",2018-02-21,29,6,35
"1238",2018-02-21,28,7,35
"1239",2018-02-21,27,8,35
"1240",2018-02-21,30,6,36
"1241",2018-02-21,28,9,37
"1242",2018-02-21,26,12,38
"1243",2018-02-21,26,11,37
"1244",2018-02-21,21,17,38
"1245",2018-02-21,20,17,37
"1246",2018-02-21,23,14,37
"1247",2018-02-21,24,13,37
"1248",2018-02-21,27,9,36
"1249",2018-02-22,29,7,36
"1250",2018-02-22,31,7,38
"1251",2018-02-22,30,7,37
"1252",2018-02-22,29,9,38
"1253",2018-02-22,28,10,38
"1254",2018-02-22,28,10,38
"1255",2018-02-22,23,15,38
"1256",2018-02-22,15,24,39
"1257",2018-02-22,14,25,39
"1258",2018-02-22,15,22,37
"1259",2018-02-22,18,17,35
"1260",2018-02-22,24,12,36
"1261",2018-02-22,27,11,38
"1262",2018-02-22,26,10,36
"1263",2018-02-22,28,11,39
"1264",2018-02-22,30,9,39
"1265",2018-02-22,30,9,39
"1266",2018-02-22,29,11,40
"1267",2018-02-22,25,14,39
"1268",2018-02-22,25,14,39
"1269",2018-02-22,27,12,39
"1270",2018-02-22,28,11,39
"1271",2018-02-22,30,9,39
"1272",2018-02-22,29,9,38
"1273",2018-02-23,30,8,38
"1274",2018-02-23,30,8,38
"1275",2018-02-23,31,7,38
"1276",2018-02-23,30,7,37
"1277",2018-02-23,27,7,34
"1278",2018-02-23,26,7,33
"1279",2018-02-23,24,8,32
"1280",2018-02-23,22,11,33
"1281",2018-02-23,19,13,32
"1282",2018-02-23,17,14,31
"1283",2018-02-23,18,14,32
"1284",2018-02-23,19,13,32
"1285",2018-02-23,15,17,32
"1286",2018-02-23,12,20,32
"1287",2018-02-23,7,25,32
"1288",2018-02-23,3,31,34
"1289",2018-02-23,5,25,30
"1290",2018-02-23,4,24,28
"1291",2018-02-23,1,28,29
"1292",2018-02-23,1,27,28
"1293",2018-02-23,3,22,25
"1294",2018-02-23,10,14,24
"1295",2018-02-23,11,14,25
"1296",2018-02-23,11,14,25
"1297",2018-02-24,16,9,25
"1298",2018-02-24,21,7,28
"1299",2018-02-24,23,6,29
"1300",2018-02-24,23,7,30
"1301",2018-02-24,20,10,30
"1302",2018-02-24,19,10,29
"1303",2018-02-24,16,13,29
"1304",2018-02-24,21,10,31
"1305",2018-02-24,25,11,36
"1306",2018-02-24,29,10,39
"1307",2018-02-24,31,7,38
"1308",2018-02-24,33,6,39
"1309",2018-02-24,32,9,41
"1310",2018-02-24,33,9,42
"1311",2018-02-24,32,10,42
"1312",2018-02-24,32,10,42
"1313",2018-02-24,31,11,42
"1314",2018-02-24,30,13,43
"1315",2018-02-24,27,15,42
"1316",2018-02-24,28,13,41
"1317",2018-02-24,27,14,41
"1318",2018-02-24,30,10,40
"1319",2018-02-24,31,7,38
"1320",2018-02-24,32,7,39
"1321",2018-02-25,31,5,36
"1322",2018-02-25,31,5,36
"1323",2018-02-25,30,5,35
"1324",2018-02-25,NA,NA,NA
"1325",2018-02-25,26,5,31
"1326",2018-02-25,24,5,29
"1327",2018-02-25,21,6,27
"1328",2018-02-25,20,7,27
"1329",2018-02-25,18,8,26
"1330",2018-02-25,18,10,28
"1331",2018-02-25,18,9,27
"1332",2018-02-25,24,9,33
"1333",2018-02-25,30,5,35
"1334",2018-02-25,33,5,38
"1335",2018-02-25,36,4,40
"1336",2018-02-25,35,5,40
"1337",2018-02-25,34,6,40
"1338",2018-02-25,34,8,42
"1339",2018-02-25,31,11,42
"1340",2018-02-25,31,9,40
"1341",2018-02-25,30,10,40
"1342",2018-02-25,29,8,37
"1343",2018-02-25,24,12,36
"1344",2018-02-25,27,9,36
"1345",2018-02-26,34,6,40
"1346",2018-02-26,24,10,34
"1347",2018-02-26,22,9,31
"1348",2018-02-26,20,11,31
"1349",2018-02-26,20,12,32
"1350",2018-02-26,22,9,31
"1351",2018-02-26,16,16,32
"1352",2018-02-26,14,21,35
"1353",2018-02-26,16,22,38
"1354",2018-02-26,31,9,40
"1355",2018-02-26,35,6,41
"1356",2018-02-26,34,7,41
"1357",2018-02-26,37,5,42
"1358",2018-02-26,39,4,43
"1359",2018-02-26,39,5,44
"1360",2018-02-26,39,5,44
"1361",2018-02-26,39,4,43
"1362",2018-02-26,39,6,45
"1363",2018-02-26,34,10,44
"1364",2018-02-26,28,16,44
"1365",2018-02-26,23,23,46
"1366",2018-02-26,15,31,46
"1367",2018-02-26,14,30,44
"1368",2018-02-26,8,37,45
"1369",2018-02-27,10,33,43
"1370",2018-02-27,5,39,44
"1371",2018-02-27,5,35,40
"1372",2018-02-27,5,35,40
"1373",2018-02-27,3,37,40
"1374",2018-02-27,3,37,40
"1375",2018-02-27,2,38,40
"1376",2018-02-27,2,38,40
"1377",2018-02-27,5,36,41
"1378",2018-02-27,12,29,41
"1379",2018-02-27,16,24,40
"1380",2018-02-27,22,20,42
"1381",2018-02-27,29,14,43
"1382",2018-02-27,34,11,45
"1383",2018-02-27,39,9,48
"1384",2018-02-27,43,6,49
"1385",2018-02-27,41,7,48
"1386",2018-02-27,39,9,48
"1387",2018-02-27,37,11,48
"1388",2018-02-27,37,11,48
"1389",2018-02-27,36,11,47
"1390",2018-02-27,32,15,47
"1391",2018-02-27,30,16,46
"1392",2018-02-27,32,14,46
"1393",2018-02-28,35,10,45
"1394",2018-02-28,35,9,44
"1395",2018-02-28,34,10,44
"1396",2018-02-28,34,9,43
"1397",2018-02-28,32,11,43
"1398",2018-02-28,30,12,42
"1399",2018-02-28,25,17,42
"1400",2018-02-28,25,18,43
"1401",2018-02-28,22,22,44
"1402",2018-02-28,25,17,42
"1403",2018-02-28,26,17,43
"1404",2018-02-28,23,21,44
"1405",2018-02-28,29,17,46
"1406",2018-02-28,35,11,46
"1407",2018-02-28,36,11,47
"1408",2018-02-28,33,12,45
"1409",2018-02-28,32,14,46
"1410",2018-02-28,37,10,47
"1411",2018-02-28,32,13,45
"1412",2018-02-28,34,11,45
"1413",2018-02-28,33,11,44
"1414",2018-02-28,31,10,41
"1415",2018-02-28,31,8,39
"1416",2018-02-28,31,7,38
"1417",2018-03-01,32,6,38
"1418",2018-03-01,30,8,38
"1419",2018-03-01,30,7,37
"1420",2018-03-01,30,7,37
"1421",2018-03-01,27,9,36
"1422",2018-03-01,26,10,36
"1423",2018-03-01,20,18,38
"1424",2018-03-01,18,20,38
"1425",2018-03-01,22,17,39
"1426",2018-03-01,27,13,40
"1427",2018-03-01,31,10,41
"1428",2018-03-01,31,9,40
"1429",2018-03-01,31,10,41
"1430",2018-03-01,32,9,41
"1431",2018-03-01,32,9,41
"1432",2018-03-01,30,11,41
"1433",2018-03-01,29,13,42
"1434",2018-03-01,28,15,43
"1435",2018-03-01,27,15,42
"1436",2018-03-01,19,23,42
"1437",2018-03-01,26,16,42
"1438",2018-03-01,36,6,42
"1439",2018-03-01,35,7,42
"1440",2018-03-01,31,8,39
"1441",2018-03-02,29,9,38
"1442",2018-03-02,30,8,38
"1443",2018-03-02,31,8,39
"1444",2018-03-02,31,9,40
"1445",2018-03-02,30,8,38
"1446",2018-03-02,29,10,39
"1447",2018-03-02,28,11,39
"1448",2018-03-02,31,9,40
"1449",2018-03-02,29,10,39
"1450",2018-03-02,30,8,38
"1451",2018-03-02,32,7,39
"1452",2018-03-02,33,7,40
"1453",2018-03-02,34,6,40
"1454",2018-03-02,35,5,40
"1455",2018-03-02,35,6,41
"1456",2018-03-02,35,6,41
"1457",2018-03-02,36,6,42
"1458",2018-03-02,36,6,42
"1459",2018-03-02,35,6,41
"1460",2018-03-02,34,7,41
"1461",2018-03-02,33,8,41
"1462",2018-03-02,32,9,41
"1463",2018-03-02,30,11,41
"1464",2018-03-02,31,10,41
"1465",2018-03-03,31,10,41
"1466",2018-03-03,32,10,42
"1467",2018-03-03,33,8,41
"1468",2018-03-03,32,8,40
"1469",2018-03-03,31,8,39
"1470",2018-03-03,29,10,39
"1471",2018-03-03,27,12,39
"1472",2018-03-03,26,13,39
"1473",2018-03-03,28,10,38
"1474",2018-03-03,32,7,39
"1475",2018-03-03,36,5,41
"1476",2018-03-03,37,5,42
"1477",2018-03-03,37,5,42
"1478",2018-03-03,38,4,42
"1479",2018-03-03,37,4,41
"1480",2018-03-03,36,4,40
"1481",2018-03-03,35,4,39
"1482",2018-03-03,33,6,39
"1483",2018-03-03,32,8,40
"1484",2018-03-03,32,8,40
"1485",2018-03-03,32,8,40
"1486",2018-03-03,32,9,41
"1487",2018-03-03,32,9,41
"1488",2018-03-03,30,12,42
"1489",2018-03-04,32,10,42
"1490",2018-03-04,32,10,42
"1491",2018-03-04,31,10,41
"1492",2018-03-04,NA,NA,NA
"1493",2018-03-04,33,8,41
"1494",2018-03-04,32,9,41
"1495",2018-03-04,32,9,41
"1496",2018-03-04,31,9,40
"1497",2018-03-04,32,8,40
"1498",2018-03-04,34,7,41
"1499",2018-03-04,38,4,42
"1500",2018-03-04,38,4,42
"1501",2018-03-04,39,3,42
"1502",2018-03-04,39,3,42
"1503",2018-03-04,38,3,41
"1504",2018-03-04,38,3,41
"1505",2018-03-04,37,4,41
"1506",2018-03-04,36,5,41
"1507",2018-03-04,33,7,40
"1508",2018-03-04,33,7,40
"1509",2018-03-04,32,8,40
"1510",2018-03-04,30,9,39
"1511",2018-03-04,30,9,39
"1512",2018-03-04,32,9,41
"1513",2018-03-05,32,9,41
"1514",2018-03-05,33,8,41
"1515",2018-03-05,32,9,41
"1516",2018-03-05,32,9,41
"1517",2018-03-05,32,9,41
"1518",2018-03-05,30,11,41
"1519",2018-03-05,27,14,41
"1520",2018-03-05,23,17,40
"1521",2018-03-05,23,18,41
"1522",2018-03-05,25,15,40
"1523",2018-03-05,29,11,40
"1524",2018-03-05,27,13,40
"1525",2018-03-05,25,17,42
"1526",2018-03-05,19,25,44
"1527",2018-03-05,18,26,44
"1528",2018-03-05,17,27,44
"1529",2018-03-05,16,27,43
"1530",2018-03-05,20,22,42
"1531",2018-03-05,20,21,41
"1532",2018-03-05,18,24,42
"1533",2018-03-05,17,24,41
"1534",2018-03-05,21,18,39
"1535",2018-03-05,16,25,41
"1536",2018-03-05,20,21,41
"1537",2018-03-06,21,20,41
"1538",2018-03-06,32,8,40
"1539",2018-03-06,32,7,39
"1540",2018-03-06,31,8,39
"1541",2018-03-06,31,8,39
"1542",2018-03-06,30,9,39
"1543",2018-03-06,32,8,40
"1544",2018-03-06,28,13,41
"1545",2018-03-06,27,12,39
"1546",2018-03-06,26,12,38
"1547",2018-03-06,26,14,40
"1548",2018-03-06,30,11,41
"1549",2018-03-06,33,9,42
"1550",2018-03-06,34,8,42
"1551",2018-03-06,33,9,42
"1552",2018-03-06,33,9,42
"1553",2018-03-06,35,9,44
"1554",2018-03-06,34,9,43
"1555",2018-03-06,33,10,43
"1556",2018-03-06,34,9,43
"1557",2018-03-06,33,11,44
"1558",2018-03-06,33,11,44
"1559",2018-03-06,31,13,44
"1560",2018-03-06,29,14,43
"1561",2018-03-07,31,10,41
"1562",2018-03-07,27,14,41
"1563",2018-03-07,26,13,39
"1564",2018-03-07,26,12,38
"1565",2018-03-07,23,14,37
"1566",2018-03-07,19,18,37
"1567",2018-03-07,16,20,36
"1568",2018-03-07,16,20,36
"1569",2018-03-07,19,17,36
"1570",2018-03-07,24,11,35
"1571",2018-03-07,25,11,36
"1572",2018-03-07,24,12,36
"1573",2018-03-07,22,15,37
"1574",2018-03-07,18,20,38
"1575",2018-03-07,21,15,36
"1576",2018-03-07,19,17,36
"1577",2018-03-07,10,28,38
"1578",2018-03-07,13,24,37
"1579",2018-03-07,15,21,36
"1580",2018-03-07,16,21,37
"1581",2018-03-07,21,12,33
"1582",2018-03-07,22,10,32
"1583",2018-03-07,22,12,34
"1584",2018-03-07,23,10,33
"1585",2018-03-08,24,10,34
"1586",2018-03-08,25,9,34
"1587",2018-03-08,26,9,35
"1588",2018-03-08,27,8,35
"1589",2018-03-08,26,9,35
"1590",2018-03-08,29,6,35
"1591",2018-03-08,27,8,35
"1592",2018-03-08,25,12,37
"1593",2018-03-08,26,10,36
"1594",2018-03-08,25,11,36
"1595",2018-03-08,28,9,37
"1596",2018-03-08,28,9,37
"1597",2018-03-08,27,9,36
"1598",2018-03-08,27,9,36
"1599",2018-03-08,27,9,36
"1600",2018-03-08,27,9,36
"1601",2018-03-08,26,11,37
"1602",2018-03-08,23,13,36
"1603",2018-03-08,22,14,36
"1604",2018-03-08,20,16,36
"1605",2018-03-08,23,13,36
"1606",2018-03-08,24,11,35
"1607",2018-03-08,19,17,36
"1608",2018-03-08,21,12,33
"1609",2018-03-09,22,10,32
"1610",2018-03-09,22,10,32
"1611",2018-03-09,22,10,32
"1612",2018-03-09,21,10,31
"1613",2018-03-09,22,11,33
"1614",2018-03-09,22,12,34
"1615",2018-03-09,22,15,37
"1616",2018-03-09,22,17,39
"1617",2018-03-09,27,12,39
"1618",2018-03-09,34,6,40
"1619",2018-03-09,35,6,41
"1620",2018-03-09,35,5,40
"1621",2018-03-09,34,6,40
"1622",2018-03-09,33,5,38
"1623",2018-03-09,33,5,38
"1624",2018-03-09,34,5,39
"1625",2018-03-09,34,5,39
"1626",2018-03-09,34,6,40
"1627",2018-03-09,37,5,42
"1628",2018-03-09,36,6,42
"1629",2018-03-09,36,6,42
"1630",2018-03-09,36,5,41
"1631",2018-03-09,34,6,40
"1632",2018-03-09,31,8,39
"1633",2018-03-10,31,8,39
"1634",2018-03-10,29,9,38
"1635",2018-03-10,25,13,38
"1636",2018-03-10,26,11,37
"1637",2018-03-10,25,12,37
"1638",2018-03-10,22,15,37
"1639",2018-03-10,22,16,38
"1640",2018-03-10,27,11,38
"1641",2018-03-10,30,8,38
"1642",2018-03-10,33,5,38
"1643",2018-03-10,34,5,39
"1644",2018-03-10,32,9,41
"1645",2018-03-10,36,4,40
"1646",2018-03-10,37,3,40
"1647",2018-03-10,36,4,40
"1648",2018-03-10,36,5,41
"1649",2018-03-10,36,5,41
"1650",2018-03-10,35,6,41
"1651",2018-03-10,34,7,41
"1652",2018-03-10,33,8,41
"1653",2018-03-10,34,6,40
"1654",2018-03-10,35,6,41
"1655",2018-03-10,33,8,41
"1656",2018-03-10,30,11,41
"1657",2018-03-11,26,14,40
"1658",2018-03-11,26,12,38
"1659",2018-03-11,27,11,38
"1660",2018-03-11,NA,NA,NA
"1661",2018-03-11,25,13,38
"1662",2018-03-11,26,11,37
"1663",2018-03-11,26,12,38
"1664",2018-03-11,28,10,38
"1665",2018-03-11,30,8,38
"1666",2018-03-11,35,5,40
"1667",2018-03-11,37,3,40
"1668",2018-03-11,38,3,41
"1669",2018-03-11,38,2,40
"1670",2018-03-11,39,2,41
"1671",2018-03-11,38,4,42
"1672",2018-03-11,39,3,42
"1673",2018-03-11,35,6,41
"1674",2018-03-11,36,5,41
"1675",2018-03-11,33,9,42
"1676",2018-03-11,29,12,41
"1677",2018-03-11,27,14,41
"1678",2018-03-11,27,14,41
"1679",2018-03-11,27,14,41
"1680",2018-03-11,30,11,41
"1681",2018-03-12,28,12,40
"1682",2018-03-12,28,13,41
"1683",2018-03-12,28,13,41
"1684",2018-03-12,33,8,41
"1685",2018-03-12,33,8,41
"1686",2018-03-12,28,14,42
"1687",2018-03-12,24,17,41
"1688",2018-03-12,26,16,42
"1689",2018-03-12,27,14,41
"1690",2018-03-12,28,14,42
"1691",2018-03-12,30,11,41
"1692",2018-03-12,24,19,43
"1693",2018-03-12,26,16,42
"1694",2018-03-12,28,15,43
"1695",2018-03-12,27,15,42
"1696",2018-03-12,26,16,42
"1697",2018-03-12,26,17,43
"1698",2018-03-12,24,19,43
"1699",2018-03-12,21,21,42
"1700",2018-03-12,18,22,40
"1701",2018-03-12,13,27,40
"1702",2018-03-12,13,28,41
"1703",2018-03-12,28,11,39
"1704",2018-03-12,29,10,39
"1705",2018-03-13,28,12,40
"1706",2018-03-13,27,13,40
"1707",2018-03-13,25,13,38
"1708",2018-03-13,25,12,37
"1709",2018-03-13,27,11,38
"1710",2018-03-13,25,14,39
"1711",2018-03-13,18,21,39
"1712",2018-03-13,22,18,40
"1713",2018-03-13,24,16,40
"1714",2018-03-13,30,10,40
"1715",2018-03-13,34,7,41
"1716",2018-03-13,35,6,41
"1717",2018-03-13,35,5,40
"1718",2018-03-13,32,7,39
"1719",2018-03-13,34,7,41
"1720",2018-03-13,34,6,40
"1721",2018-03-13,33,6,39
"1722",2018-03-13,33,6,39
"1723",2018-03-13,32,6,38
"1724",2018-03-13,32,6,38
"1725",2018-03-13,30,7,37
"1726",2018-03-13,28,9,37
"1727",2018-03-13,28,8,36
"1728",2018-03-13,29,6,35
"1729",2018-03-14,28,7,35
"1730",2018-03-14,28,8,36
"1731",2018-03-14,28,8,36
"1732",2018-03-14,30,6,36
"1733",2018-03-14,30,7,37
"1734",2018-03-14,28,9,37
"1735",2018-03-14,27,9,36
"1736",2018-03-14,27,9,36
"1737",2018-03-14,29,8,37
"1738",2018-03-14,30,6,36
"1739",2018-03-14,32,5,37
"1740",2018-03-14,34,5,39
"1741",2018-03-14,35,5,40
"1742",2018-03-14,35,4,39
"1743",2018-03-14,33,5,38
"1744",2018-03-14,33,5,38
"1745",2018-03-14,33,6,39
"1746",2018-03-14,34,5,39
"1747",2018-03-14,33,6,39
"1748",2018-03-14,33,7,40
"1749",2018-03-14,36,7,43
"1750",2018-03-14,35,7,42
"1751",2018-03-14,32,11,43
"1752",2018-03-14,29,14,43
"1753",2018-03-15,28,14,42
"1754",2018-03-15,27,15,42
"1755",2018-03-15,27,14,41
"1756",2018-03-15,21,20,41
"1757",2018-03-15,15,28,43
"1758",2018-03-15,6,38,44
"1759",2018-03-15,2,45,47
"1760",2018-03-15,10,36,46
"1761",2018-03-15,23,24,47
"1762",2018-03-15,32,14,46
"1763",2018-03-15,37,8,45
"1764",2018-03-15,39,5,44
"1765",2018-03-15,40,4,44
"1766",2018-03-15,40,5,45
"1767",2018-03-15,39,6,45
"1768",2018-03-15,39,5,44
"1769",2018-03-15,36,7,43
"1770",2018-03-15,36,8,44
"1771",2018-03-15,33,9,42
"1772",2018-03-15,34,9,43
"1773",2018-03-15,34,8,42
"1774",2018-03-15,34,8,42
"1775",2018-03-15,32,6,38
"1776",2018-03-15,32,5,37
"1777",2018-03-16,31,6,37
"1778",2018-03-16,31,5,36
"1779",2018-03-16,30,5,35
"1780",2018-03-16,30,5,35
"1781",2018-03-16,28,5,33
"1782",2018-03-16,28,6,34
"1783",2018-03-16,26,7,33
"1784",2018-03-16,27,7,34
"1785",2018-03-16,28,6,34
"1786",2018-03-16,27,8,35
"1787",2018-03-16,29,6,35
"1788",2018-03-16,34,4,38
"1789",2018-03-16,36,4,40
"1790",2018-03-16,37,4,41
"1791",2018-03-16,38,4,42
"1792",2018-03-16,38,4,42
"1793",2018-03-16,40,4,44
"1794",2018-03-16,40,4,44
"1795",2018-03-16,37,7,44
"1796",2018-03-16,36,8,44
"1797",2018-03-16,36,7,43
"1798",2018-03-16,34,10,44
"1799",2018-03-16,28,15,43
"1800",2018-03-16,27,15,42
"1801",2018-03-17,25,16,41
"1802",2018-03-17,20,21,41
"1803",2018-03-17,26,13,39
"1804",2018-03-17,25,14,39
"1805",2018-03-17,19,20,39
"1806",2018-03-17,18,21,39
"1807",2018-03-17,20,20,40
"1808",2018-03-17,22,19,41
"1809",2018-03-17,31,8,39
"1810",2018-03-17,36,6,42
"1811",2018-03-17,39,4,43
"1812",2018-03-17,40,3,43
"1813",2018-03-17,40,3,43
"1814",2018-03-17,40,3,43
"1815",2018-03-17,40,4,44
"1816",2018-03-17,40,4,44
"1817",2018-03-17,42,5,47
"1818",2018-03-17,42,5,47
"1819",2018-03-17,40,7,47
"1820",2018-03-17,40,7,47
"1821",2018-03-17,41,7,48
"1822",2018-03-17,40,8,48
"1823",2018-03-17,38,9,47
"1824",2018-03-17,36,12,48
"1825",2018-03-18,34,13,47
"1826",2018-03-18,34,14,48
"1827",2018-03-18,32,15,47
"1828",2018-03-18,NA,NA,NA
"1829",2018-03-18,23,22,45
"1830",2018-03-18,25,19,44
"1831",2018-03-18,31,13,44
"1832",2018-03-18,31,12,43
"1833",2018-03-18,33,9,42
"1834",2018-03-18,34,7,41
"1835",2018-03-18,33,8,41
"1836",2018-03-18,33,10,43
"1837",2018-03-18,34,9,43
"1838",2018-03-18,35,10,45
"1839",2018-03-18,37,9,46
"1840",2018-03-18,39,7,46
"1841",2018-03-18,39,7,46
"1842",2018-03-18,35,11,46
"1843",2018-03-18,32,15,47
"1844",2018-03-18,26,21,47
"1845",2018-03-18,31,15,46
"1846",2018-03-18,35,8,43
"1847",2018-03-18,33,10,43
"1848",2018-03-18,32,11,43
"1849",2018-03-19,34,10,44
"1850",2018-03-19,35,9,44
"1851",2018-03-19,35,9,44
"1852",2018-03-19,35,9,44
"1853",2018-03-19,34,10,44
"1854",2018-03-19,31,12,43
"1855",2018-03-19,24,19,43
"1856",2018-03-19,23,21,44
"1857",2018-03-19,29,14,43
"1858",2018-03-19,31,12,43
"1859",2018-03-19,34,9,43
"1860",2018-03-19,35,9,44
"1861",2018-03-19,35,9,44
"1862",2018-03-19,34,9,43
"1863",2018-03-19,34,10,44
"1864",2018-03-19,32,13,45
"1865",2018-03-19,30,16,46
"1866",2018-03-19,31,16,47
"1867",2018-03-19,32,13,45
"1868",2018-03-19,28,16,44
"1869",2018-03-19,26,19,45
"1870",2018-03-19,22,23,45
"1871",2018-03-19,19,23,42
"1872",2018-03-19,27,12,39
"1873",2018-03-20,25,14,39
"1874",2018-03-20,22,18,40
"1875",2018-03-20,20,19,39
"1876",2018-03-20,18,22,40
"1877",2018-03-20,18,21,39
"1878",2018-03-20,15,24,39
"1879",2018-03-20,14,26,40
"1880",2018-03-20,16,23,39
"1881",2018-03-20,24,13,37
"1882",2018-03-20,29,8,37
"1883",2018-03-20,30,6,36
"1884",2018-03-20,31,6,37
"1885",2018-03-20,32,6,38
"1886",2018-03-20,32,7,39
"1887",2018-03-20,33,6,39
"1888",2018-03-20,33,7,40
"1889",2018-03-20,33,8,41
"1890",2018-03-20,34,8,42
"1891",2018-03-20,32,10,42
"1892",2018-03-20,26,18,44
"1893",2018-03-20,22,21,43
"1894",2018-03-20,17,26,43
"1895",2018-03-20,16,26,42
"1896",2018-03-20,24,18,42
"1897",2018-03-21,29,12,41
"1898",2018-03-21,30,11,41
"1899",2018-03-21,31,9,40
"1900",2018-03-21,31,9,40
"1901",2018-03-21,30,10,40
"1902",2018-03-21,25,16,41
"1903",2018-03-21,22,18,40
"1904",2018-03-21,23,18,41
"1905",2018-03-21,22,20,42
"1906",2018-03-21,24,17,41
"1907",2018-03-21,27,14,41
"1908",2018-03-21,31,10,41
"1909",2018-03-21,32,10,42
"1910",2018-03-21,34,9,43
"1911",2018-03-21,34,9,43
"1912",2018-03-21,34,8,42
"1913",2018-03-21,33,9,42
"1914",2018-03-21,32,11,43
"1915",2018-03-21,30,11,41
"1916",2018-03-21,29,12,41
"1917",2018-03-21,29,13,42
"1918",2018-03-21,29,11,40
"1919",2018-03-21,29,11,40
"1920",2018-03-21,30,10,40
"1921",2018-03-22,28,12,40
"1922",2018-03-22,29,10,39
"1923",2018-03-22,28,9,37
"1924",2018-03-22,26,12,38
"1925",2018-03-22,26,11,37
"1926",2018-03-22,23,14,37
"1927",2018-03-22,18,20,38
"1928",2018-03-22,20,17,37
"1929",2018-03-22,24,13,37
"1930",2018-03-22,27,10,37
"1931",2018-03-22,31,6,37
"1932",2018-03-22,32,6,38
"1933",2018-03-22,32,6,38
"1934",2018-03-22,34,6,40
"1935",2018-03-22,35,6,41
"1936",2018-03-22,35,6,41
"1937",2018-03-22,36,6,42
"1938",2018-03-22,35,7,42
"1939",2018-03-22,34,8,42
"1940",2018-03-22,33,9,42
"1941",2018-03-22,30,10,40
"1942",2018-03-22,32,8,40
"1943",2018-03-22,31,9,40
"1944",2018-03-22,29,9,38
"1945",2018-03-23,28,9,37
"1946",2018-03-23,23,13,36
"1947",2018-03-23,20,15,35
"1948",2018-03-23,20,15,35
"1949",2018-03-23,17,19,36
"1950",2018-03-23,15,22,37
"1951",2018-03-23,16,23,39
"1952",2018-03-23,21,18,39
"1953",2018-03-23,28,11,39
"1954",2018-03-23,31,8,39
"1955",2018-03-23,35,5,40
"1956",2018-03-23,38,5,43
"1957",2018-03-23,38,4,42
"1958",2018-03-23,38,4,42
"1959",2018-03-23,37,4,41
"1960",2018-03-23,36,5,41
"1961",2018-03-23,36,6,42
"1962",2018-03-23,35,5,40
"1963",2018-03-23,34,7,41
"1964",2018-03-23,33,9,42
"1965",2018-03-23,32,10,42
"1966",2018-03-23,31,11,42
"1967",2018-03-23,31,10,41
"1968",2018-03-23,32,10,42
"1969",2018-03-24,33,10,43
"1970",2018-03-24,33,10,43
"1971",2018-03-24,32,11,43
"1972",2018-03-24,34,10,44
"1973",2018-03-24,34,10,44
"1974",2018-03-24,32,10,42
"1975",2018-03-24,32,10,42
"1976",2018-03-24,33,9,42
"1977",2018-03-24,33,8,41
"1978",2018-03-24,34,7,41
"1979",2018-03-24,35,7,42
"1980",2018-03-24,38,5,43
"1981",2018-03-24,38,6,44
"1982",2018-03-24,39,5,44
"1983",2018-03-24,40,6,46
"1984",2018-03-24,40,5,45
"1985",2018-03-24,40,6,46
"1986",2018-03-24,38,7,45
"1987",2018-03-24,35,6,41
"1988",2018-03-24,32,10,42
"1989",2018-03-24,32,11,43
"1990",2018-03-24,32,10,42
"1991",2018-03-24,32,10,42
"1992",2018-03-24,32,9,41
"1993",2018-03-25,33,9,42
"1994",2018-03-25,32,9,41
"1995",2018-03-25,32,9,41
"1996",2018-03-25,NA,NA,NA
"1997",2018-03-25,31,9,40
"1998",2018-03-25,29,10,39
"1999",2018-03-25,29,10,39
"2000",2018-03-25,27,12,39
"2001",2018-03-25,29,10,39
"2002",2018-03-25,31,8,39
"2003",2018-03-25,33,7,40
"2004",2018-03-25,35,5,40
"2005",2018-03-25,36,4,40
"2006",2018-03-25,36,5,41
"2007",2018-03-25,37,5,42
"2008",2018-03-25,37,5,42
"2009",2018-03-25,37,6,43
"2010",2018-03-25,36,7,43
"2011",2018-03-25,33,11,44
"2012",2018-03-25,31,12,43
"2013",2018-03-25,29,14,43
"2014",2018-03-25,27,16,43
"2015",2018-03-25,29,14,43
"2016",2018-03-25,28,14,42
"2017",2018-03-26,25,17,42
"2018",2018-03-26,23,17,40
"2019",2018-03-26,24,16,40
"2020",2018-03-26,33,10,43
"2021",2018-03-26,33,11,44
"2022",2018-03-26,28,15,43
"2023",2018-03-26,25,20,45
"2024",2018-03-26,30,13,43
"2025",2018-03-26,33,9,42
"2026",2018-03-26,34,7,41
"2027",2018-03-26,34,8,42
"2028",2018-03-26,37,6,43
"2029",2018-03-26,38,7,45
"2030",2018-03-26,38,8,46
"2031",2018-03-26,39,7,46
"2032",2018-03-26,39,8,47
"2033",2018-03-26,40,8,48
"2034",2018-03-26,40,8,48
"2035",2018-03-26,39,9,48
"2036",2018-03-26,39,9,48
"2037",2018-03-26,39,9,48
"2038",2018-03-26,39,8,47
"2039",2018-03-26,38,9,47
"2040",2018-03-26,35,10,45
"2041",2018-03-27,33,11,44
"2042",2018-03-27,31,15,46
"2043",2018-03-27,30,15,45
"2044",2018-03-27,29,16,45
"2045",2018-03-27,28,17,45
"2046",2018-03-27,28,16,44
"2047",2018-03-27,23,21,44
"2048",2018-03-27,18,26,44
"2049",2018-03-27,24,19,43
"2050",2018-03-27,21,23,44
"2051",2018-03-27,20,25,45
"2052",2018-03-27,24,20,44
"2053",2018-03-27,27,17,44
"2054",2018-03-27,28,16,44
"2055",2018-03-27,24,20,44
"2056",2018-03-27,22,22,44
"2057",2018-03-27,19,24,43
"2058",2018-03-27,21,20,41
"2059",2018-03-27,20,19,39
"2060",2018-03-27,26,9,35
"2061",2018-03-27,22,11,33
"2062",2018-03-27,19,13,32
"2063",2018-03-27,17,13,30
"2064",2018-03-27,9,20,29
"2065",2018-03-28,2,28,30
"2066",2018-03-28,10,18,28
"2067",2018-03-28,22,7,29
"2068",2018-03-28,24,7,31
"2069",2018-03-28,28,8,36
"2070",2018-03-28,27,11,38
"2071",2018-03-28,26,14,40
"2072",2018-03-28,24,17,41
"2073",2018-03-28,24,15,39
"2074",2018-03-28,22,16,38
"2075",2018-03-28,22,15,37
"2076",2018-03-28,23,14,37
"2077",2018-03-28,21,18,39
"2078",2018-03-28,24,16,40
"2079",2018-03-28,27,13,40
"2080",2018-03-28,28,12,40
"2081",2018-03-28,29,10,39
"2082",2018-03-28,27,11,38
"2083",2018-03-28,22,15,37
"2084",2018-03-28,22,14,36
"2085",2018-03-28,16,21,37
"2086",2018-03-28,16,21,37
"2087",2018-03-28,23,14,37
"2088",2018-03-28,22,16,38
"2089",2018-03-29,22,15,37
"2090",2018-03-29,23,14,37
"2091",2018-03-29,21,13,34
"2092",2018-03-29,17,17,34
"2093",2018-03-29,14,18,32
"2094",2018-03-29,13,19,32
"2095",2018-03-29,15,17,32
"2096",2018-03-29,15,19,34
"2097",2018-03-29,15,17,32
"2098",2018-03-29,16,15,31
"2099",2018-03-29,13,17,30
"2100",2018-03-29,13,14,27
"2101",2018-03-29,13,13,26
"2102",2018-03-29,14,11,25
"2103",2018-03-29,8,19,27
"2104",2018-03-29,7,18,25
"2105",2018-03-29,8,16,24
"2106",2018-03-29,10,14,24
"2107",2018-03-29,14,13,27
"2108",2018-03-29,16,12,28
"2109",2018-03-29,20,12,32
"2110",2018-03-29,22,11,33
"2111",2018-03-29,26,9,35
"2112",2018-03-29,24,9,33
"2113",2018-03-30,25,8,33
"2114",2018-03-30,28,8,36
"2115",2018-03-30,30,7,37
"2116",2018-03-30,30,7,37
"2117",2018-03-30,29,6,35
"2118",2018-03-30,26,6,32
"2119",2018-03-30,25,6,31
"2120",2018-03-30,25,6,31
"2121",2018-03-30,28,5,33
"2122",2018-03-30,31,4,35
"2123",2018-03-30,34,3,37
"2124",2018-03-30,37,3,40
"2125",2018-03-30,40,3,43
"2126",2018-03-30,41,3,44
"2127",2018-03-30,43,2,45
"2128",2018-03-30,41,3,44
"2129",2018-03-30,40,3,43
"2130",2018-03-30,39,4,43
"2131",2018-03-30,36,7,43
"2132",2018-03-30,32,9,41
"2133",2018-03-30,31,10,41
"2134",2018-03-30,29,10,39
"2135",2018-03-30,22,18,40
"2136",2018-03-30,24,17,41
"2137",2018-03-31,25,15,40
"2138",2018-03-31,25,16,41
"2139",2018-03-31,27,12,39
"2140",2018-03-31,19,17,36
"2141",2018-03-31,28,9,37
"2142",2018-03-31,25,13,38
"2143",2018-03-31,27,10,37
"2144",2018-03-31,29,8,37
"2145",2018-03-31,28,8,36
"2146",2018-03-31,34,5,39
"2147",2018-03-31,35,5,40
"2148",2018-03-31,36,5,41
"2149",2018-03-31,38,5,43
"2150",2018-03-31,41,5,46
"2151",2018-03-31,42,5,47
"2152",2018-03-31,41,6,47
"2153",2018-03-31,42,5,47
"2154",2018-03-31,41,5,46
"2155",2018-03-31,39,5,44
"2156",2018-03-31,38,5,43
"2157",2018-03-31,37,6,43
"2158",2018-03-31,31,9,40
"2159",2018-03-31,30,7,37
"2160",2018-03-31,33,4,37
"2161",2018-04-01,38,3,41
"2162",2018-04-01,41,3,44
"2163",2018-04-01,40,3,43
"2164",2018-04-01,NA,NA,NA
"2165",2018-04-01,40,3,43
"2166",2018-04-01,39,3,42
"2167",2018-04-01,36,5,41
"2168",2018-04-01,35,5,40
"2169",2018-04-01,37,3,40
"2170",2018-04-01,38,2,40
"2171",2018-04-01,40,2,42
"2172",2018-04-01,41,2,43
"2173",2018-04-01,41,3,44
"2174",2018-04-01,43,2,45
"2175",2018-04-01,43,2,45
"2176",2018-04-01,43,2,45
"2177",2018-04-01,41,3,44
"2178",2018-04-01,41,3,44
"2179",2018-04-01,40,4,44
"2180",2018-04-01,39,5,44
"2181",2018-04-01,37,6,43
"2182",2018-04-01,35,9,44
"2183",2018-04-01,34,9,43
"2184",2018-04-01,37,7,44
"2185",2018-04-02,40,3,43
"2186",2018-04-02,32,10,42
"2187",2018-04-02,34,8,42
"2188",2018-04-02,25,16,41
"2189",2018-04-02,16,25,41
"2190",2018-04-02,24,16,40
"2191",2018-04-02,21,21,42
"2192",2018-04-02,16,25,41
"2193",2018-04-02,25,15,40
"2194",2018-04-02,29,13,42
"2195",2018-04-02,30,14,44
"2196",2018-04-02,31,12,43
"2197",2018-04-02,33,9,42
"2198",2018-04-02,39,7,46
"2199",2018-04-02,40,9,49
"2200",2018-04-02,40,8,48
"2201",2018-04-02,40,9,49
"2202",2018-04-02,41,7,48
"2203",2018-04-02,40,7,47
"2204",2018-04-02,39,7,46
"2205",2018-04-02,36,9,45
"2206",2018-04-02,37,9,46
"2207",2018-04-02,32,13,45
"2208",2018-04-02,27,18,45
"2209",2018-04-03,29,16,45
"2210",2018-04-03,30,14,44
"2211",2018-04-03,24,19,43
"2212",2018-04-03,25,18,43
"2213",2018-04-03,25,17,42
"2214",2018-04-03,19,19,38
"2215",2018-04-03,24,15,39
"2216",2018-04-03,24,18,42
"2217",2018-04-03,28,14,42
"2218",2018-04-03,30,15,45
"2219",2018-04-03,33,15,48
"2220",2018-04-03,36,10,46
"2221",2018-04-03,35,10,45
"2222",2018-04-03,35,10,45
"2223",2018-04-03,34,10,44
"2224",2018-04-03,32,10,42
"2225",2018-04-03,32,9,41
"2226",2018-04-03,32,9,41
"2227",2018-04-03,30,8,38
"2228",2018-04-03,29,8,37
"2229",2018-04-03,29,7,36
"2230",2018-04-03,28,7,35
"2231",2018-04-03,26,8,34
"2232",2018-04-03,24,9,33
"2233",2018-04-04,25,8,33
"2234",2018-04-04,26,7,33
"2235",2018-04-04,24,8,32
"2236",2018-04-04,21,10,31
"2237",2018-04-04,19,12,31
"2238",2018-04-04,8,24,32
"2239",2018-04-04,11,20,31
"2240",2018-04-04,21,12,33
"2241",2018-04-04,28,9,37
"2242",2018-04-04,32,9,41
"2243",2018-04-04,34,7,41
"2244",2018-04-04,35,5,40
"2245",2018-04-04,37,4,41
"2246",2018-04-04,37,3,40
"2247",2018-04-04,36,4,40
"2248",2018-04-04,37,3,40
"2249",2018-04-04,37,4,41
"2250",2018-04-04,38,3,41
"2251",2018-04-04,38,4,42
"2252",2018-04-04,38,4,42
"2253",2018-04-04,37,4,41
"2254",2018-04-04,35,5,40
"2255",2018-04-04,35,5,40
"2256",2018-04-04,36,4,40
"2257",2018-04-05,35,5,40
"2258",2018-04-05,29,11,40
"2259",2018-04-05,33,7,40
"2260",2018-04-05,35,6,41
"2261",2018-04-05,33,8,41
"2262",2018-04-05,29,10,39
"2263",2018-04-05,26,13,39
"2264",2018-04-05,26,13,39
"2265",2018-04-05,27,12,39
"2266",2018-04-05,34,5,39
"2267",2018-04-05,34,5,39
"2268",2018-04-05,37,4,41
"2269",2018-04-05,37,4,41
"2270",2018-04-05,36,6,42
"2271",2018-04-05,37,5,42
"2272",2018-04-05,38,4,42
"2273",2018-04-05,39,4,43
"2274",2018-04-05,40,3,43
"2275",2018-04-05,39,5,44
"2276",2018-04-05,37,8,45
"2277",2018-04-05,34,13,47
"2278",2018-04-05,37,10,47
"2279",2018-04-05,39,7,46
"2280",2018-04-05,38,7,45
"2281",2018-04-06,38,6,44
"2282",2018-04-06,37,7,44
"2283",2018-04-06,36,7,43
"2284",2018-04-06,34,9,43
"2285",2018-04-06,21,20,41
"2286",2018-04-06,22,18,40
"2287",2018-04-06,20,21,41
"2288",2018-04-06,32,12,44
"2289",2018-04-06,32,14,46
"2290",2018-04-06,33,14,47
"2291",2018-04-06,31,16,47
"2292",2018-04-06,33,15,48
"2293",2018-04-06,31,17,48
"2294",2018-04-06,28,19,47
"2295",2018-04-06,28,16,44
"2296",2018-04-06,33,12,45
"2297",2018-04-06,43,5,48
"2298",2018-04-06,42,6,48
"2299",2018-04-06,44,7,51
"2300",2018-04-06,45,7,52
"2301",2018-04-06,43,6,49
"2302",2018-04-06,40,5,45
"2303",2018-04-06,38,5,43
"2304",2018-04-06,37,4,41
"2305",2018-04-07,36,5,41
"2306",2018-04-07,37,4,41
"2307",2018-04-07,38,3,41
"2308",2018-04-07,37,5,42
"2309",2018-04-07,34,7,41
"2310",2018-04-07,29,11,40
"2311",2018-04-07,28,12,40
"2312",2018-04-07,30,8,38
"2313",2018-04-07,30,7,37
"2314",2018-04-07,32,4,36
"2315",2018-04-07,32,4,36
"2316",2018-04-07,33,3,36
"2317",2018-04-07,34,3,37
"2318",2018-04-07,35,3,38
"2319",2018-04-07,34,4,38
"2320",2018-04-07,35,4,39
"2321",2018-04-07,35,4,39
"2322",2018-04-07,34,5,39
"2323",2018-04-07,34,5,39
"2324",2018-04-07,31,8,39
"2325",2018-04-07,32,7,39
"2326",2018-04-07,32,7,39
"2327",2018-04-07,32,7,39
"2328",2018-04-07,32,6,38
"2329",2018-04-08,30,7,37
"2330",2018-04-08,31,7,38
"2331",2018-04-08,33,6,39
"2332",2018-04-08,NA,NA,NA
"2333",2018-04-08,30,8,38
"2334",2018-04-08,32,7,39
"2335",2018-04-08,36,7,43
"2336",2018-04-08,38,6,44
"2337",2018-04-08,41,4,45
"2338",2018-04-08,41,3,44
"2339",2018-04-08,41,3,44
"2340",2018-04-08,42,2,44
"2341",2018-04-08,42,2,44
"2342",2018-04-08,41,3,44
"2343",2018-04-08,41,2,43
"2344",2018-04-08,40,2,42
"2345",2018-04-08,39,3,42
"2346",2018-04-08,39,3,42
"2347",2018-04-08,38,4,42
"2348",2018-04-08,34,8,42
"2349",2018-04-08,32,9,41
"2350",2018-04-08,32,9,41
"2351",2018-04-08,30,11,41
"2352",2018-04-08,30,10,40
"2353",2018-04-09,30,11,41
"2354",2018-04-09,30,11,41
"2355",2018-04-09,30,11,41
"2356",2018-04-09,25,15,40
"2357",2018-04-09,20,20,40
"2358",2018-04-09,16,25,41
"2359",2018-04-09,17,27,44
"2360",2018-04-09,11,35,46
"2361",2018-04-09,19,27,46
"2362",2018-04-09,29,14,43
"2363",2018-04-09,30,14,44
"2364",2018-04-09,33,11,44
"2365",2018-04-09,32,12,44
"2366",2018-04-09,33,12,45
"2367",2018-04-09,33,13,46
"2368",2018-04-09,32,13,45
"2369",2018-04-09,37,7,44
"2370",2018-04-09,36,8,44
"2371",2018-04-09,37,7,44
"2372",2018-04-09,35,8,43
"2373",2018-04-09,34,8,42
"2374",2018-04-09,29,13,42
"2375",2018-04-09,25,16,41
"2376",2018-04-09,26,15,41
"2377",2018-04-10,27,14,41
"2378",2018-04-10,28,12,40
"2379",2018-04-10,29,12,41
"2380",2018-04-10,22,19,41
"2381",2018-04-10,19,22,41
"2382",2018-04-10,15,27,42
"2383",2018-04-10,13,33,46
"2384",2018-04-10,19,29,48
"2385",2018-04-10,27,21,48
"2386",2018-04-10,29,19,48
"2387",2018-04-10,31,15,46
"2388",2018-04-10,31,14,45
"2389",2018-04-10,34,13,47
"2390",2018-04-10,35,11,46
"2391",2018-04-10,36,10,46
"2392",2018-04-10,38,10,48
"2393",2018-04-10,37,10,47
"2394",2018-04-10,37,8,45
"2395",2018-04-10,35,12,47
"2396",2018-04-10,33,15,48
"2397",2018-04-10,31,18,49
"2398",2018-04-10,31,14,45
"2399",2018-04-10,33,12,45
"2400",2018-04-10,34,12,46
"2401",2018-04-11,31,14,45
"2402",2018-04-11,34,11,45
"2403",2018-04-11,33,10,43
"2404",2018-04-11,36,8,44
"2405",2018-04-11,35,9,44
"2406",2018-04-11,31,14,45
"2407",2018-04-11,30,14,44
"2408",2018-04-11,24,19,43
"2409",2018-04-11,25,17,42
"2410",2018-04-11,29,11,40
"2411",2018-04-11,30,12,42
"2412",2018-04-11,32,10,42
"2413",2018-04-11,33,9,42
"2414",2018-04-11,30,12,42
"2415",2018-04-11,31,10,41
"2416",2018-04-11,30,12,42
"2417",2018-04-11,27,17,44
"2418",2018-04-11,29,13,42
"2419",2018-04-11,25,15,40
"2420",2018-04-11,18,21,39
"2421",2018-04-11,14,23,37
"2422",2018-04-11,9,29,38
"2423",2018-04-11,3,39,42
"2424",2018-04-11,2,41,43
"2425",2018-04-12,6,35,41
"2426",2018-04-12,6,34,40
"2427",2018-04-12,1,41,42
"2428",2018-04-12,1,41,42
"2429",2018-04-12,1,39,40
"2430",2018-04-12,1,36,37
"2431",2018-04-12,3,29,32
"2432",2018-04-12,10,19,29
"2433",2018-04-12,16,16,32
"2434",2018-04-12,21,12,33
"2435",2018-04-12,22,13,35
"2436",2018-04-12,20,15,35
"2437",2018-04-12,22,13,35
"2438",2018-04-12,24,11,35
"2439",2018-04-12,23,14,37
"2440",2018-04-12,20,21,41
"2441",2018-04-12,20,22,42
"2442",2018-04-12,9,35,44
"2443",2018-04-12,7,37,44
"2444",2018-04-12,14,29,43
"2445",2018-04-12,31,7,38
"2446",2018-04-12,30,7,37
"2447",2018-04-12,27,8,35
"2448",2018-04-12,27,8,35
"2449",2018-04-13,32,6,38
"2450",2018-04-13,32,6,38
"2451",2018-04-13,34,5,39
"2452",2018-04-13,32,7,39
"2453",2018-04-13,28,11,39
"2454",2018-04-13,26,11,37
"2455",2018-04-13,20,16,36
"2456",2018-04-13,18,18,36
"2457",2018-04-13,19,17,36
"2458",2018-04-13,23,14,37
"2459",2018-04-13,25,13,38
"2460",2018-04-13,24,13,37
"2461",2018-04-13,27,11,38
"2462",2018-04-13,32,9,41
"2463",2018-04-13,31,8,39
"2464",2018-04-13,29,11,40
"2465",2018-04-13,23,17,40
"2466",2018-04-13,23,17,40
"2467",2018-04-13,15,24,39
"2468",2018-04-13,12,22,34
"2469",2018-04-13,16,16,32
"2470",2018-04-13,19,15,34
"2471",2018-04-13,25,13,38
"2472",2018-04-13,26,12,38
"2473",2018-04-14,25,9,34
"2474",2018-04-14,25,9,34
"2475",2018-04-14,30,8,38
"2476",2018-04-14,33,7,40
"2477",2018-04-14,34,6,40
"2478",2018-04-14,34,7,41
"2479",2018-04-14,33,7,40
"2480",2018-04-14,33,9,42
"2481",2018-04-14,31,12,43
"2482",2018-04-14,33,9,42
"2483",2018-04-14,34,9,43
"2484",2018-04-14,32,10,42
"2485",2018-04-14,32,8,40
"2486",2018-04-14,33,8,41
"2487",2018-04-14,32,10,42
"2488",2018-04-14,35,10,45
"2489",2018-04-14,34,9,43
"2490",2018-04-14,33,10,43
"2491",2018-04-14,31,12,43
"2492",2018-04-14,35,10,45
"2493",2018-04-14,37,7,44
"2494",2018-04-14,34,9,43
"2495",2018-04-14,34,9,43
"2496",2018-04-14,34,8,42
"2497",2018-04-15,34,7,41
"2498",2018-04-15,36,7,43
"2499",2018-04-15,36,7,43
"2500",2018-04-15,NA,NA,NA
"2501",2018-04-15,37,7,44
"2502",2018-04-15,37,6,43
"2503",2018-04-15,37,5,42
"2504",2018-04-15,34,7,41
"2505",2018-04-15,33,7,40
"2506",2018-04-15,32,7,39
"2507",2018-04-15,33,6,39
"2508",2018-04-15,33,6,39
"2509",2018-04-15,33,5,38
"2510",2018-04-15,33,5,38
"2511",2018-04-15,32,5,37
"2512",2018-04-15,32,5,37
"2513",2018-04-15,31,5,36
"2514",2018-04-15,31,6,37
"2515",2018-04-15,31,5,36
"2516",2018-04-15,31,5,36
"2517",2018-04-15,32,5,37
"2518",2018-04-15,32,5,37
"2519",2018-04-15,32,5,37
"2520",2018-04-15,32,5,37
"2521",2018-04-16,32,4,36
"2522",2018-04-16,32,4,36
"2523",2018-04-16,31,5,36
"2524",2018-04-16,30,4,34
"2525",2018-04-16,30,5,35
"2526",2018-04-16,30,6,36
"2527",2018-04-16,30,7,37
"2528",2018-04-16,30,8,38
"2529",2018-04-16,29,9,38
"2530",2018-04-16,27,11,38
"2531",2018-04-16,27,12,39
"2532",2018-04-16,22,16,38
"2533",2018-04-16,19,14,33
"2534",2018-04-16,19,14,33
"2535",2018-04-16,15,24,39
"2536",2018-04-16,20,15,35
"2537",2018-04-16,22,13,35
"2538",2018-04-16,23,12,35
"2539",2018-04-16,25,11,36
"2540",2018-04-16,26,11,37
"2541",2018-04-16,25,11,36
"2542",2018-04-16,20,15,35
"2543",2018-04-16,20,15,35
"2544",2018-04-16,26,13,39
"2545",2018-04-17,28,11,39
"2546",2018-04-17,30,8,38
"2547",2018-04-17,31,6,37
"2548",2018-04-17,30,5,35
"2549",2018-04-17,31,5,36
"2550",2018-04-17,28,7,35
"2551",2018-04-17,27,8,35
"2552",2018-04-17,27,8,35
"2553",2018-04-17,29,7,36
"2554",2018-04-17,29,6,35
"2555",2018-04-17,30,6,36
"2556",2018-04-17,30,7,37
"2557",2018-04-17,29,8,37
"2558",2018-04-17,30,9,39
"2559",2018-04-17,34,6,40
"2560",2018-04-17,33,9,42
"2561",2018-04-17,33,9,42
"2562",2018-04-17,34,7,41
"2563",2018-04-17,31,9,40
"2564",2018-04-17,30,8,38
"2565",2018-04-17,30,8,38
"2566",2018-04-17,29,9,38
"2567",2018-04-17,31,9,40
"2568",2018-04-17,33,7,40
"2569",2018-04-18,33,7,40
"2570",2018-04-18,34,6,40
"2571",2018-04-18,33,6,39
"2572",2018-04-18,31,8,39
"2573",2018-04-18,29,10,39
"2574",2018-04-18,26,14,40
"2575",2018-04-18,24,17,41
"2576",2018-04-18,26,14,40
"2577",2018-04-18,29,11,40
"2578",2018-04-18,33,7,40
"2579",2018-04-18,32,8,40
"2580",2018-04-18,32,8,40
"2581",2018-04-18,32,8,40
"2582",2018-04-18,33,8,41
"2583",2018-04-18,33,9,42
"2584",2018-04-18,34,7,41
"2585",2018-04-18,33,8,41
"2586",2018-04-18,31,10,41
"2587",2018-04-18,31,9,40
"2588",2018-04-18,29,10,39
"2589",2018-04-18,32,8,40
"2590",2018-04-18,32,10,42
"2591",2018-04-18,27,15,42
"2592",2018-04-18,28,14,42
"2593",2018-04-19,32,10,42
"2594",2018-04-19,35,8,43
"2595",2018-04-19,36,7,43
"2596",2018-04-19,36,8,44
"2597",2018-04-19,37,7,44
"2598",2018-04-19,35,10,45
"2599",2018-04-19,32,14,46
"2600",2018-04-19,34,10,44
"2601",2018-04-19,37,8,45
"2602",2018-04-19,39,6,45
"2603",2018-04-19,40,6,46
"2604",2018-04-19,40,5,45
"2605",2018-04-19,41,5,46
"2606",2018-04-19,43,4,47
"2607",2018-04-19,45,4,49
"2608",2018-04-19,46,4,50
"2609",2018-04-19,46,4,50
"2610",2018-04-19,45,3,48
"2611",2018-04-19,42,6,48
"2612",2018-04-19,41,6,47
"2613",2018-04-19,41,8,49
"2614",2018-04-19,36,13,49
"2615",2018-04-19,36,11,47
"2616",2018-04-19,35,10,45
"2617",2018-04-20,37,7,44
"2618",2018-04-20,35,9,44
"2619",2018-04-20,34,10,44
"2620",2018-04-20,34,10,44
"2621",2018-04-20,33,11,44
"2622",2018-04-20,30,15,45
"2623",2018-04-20,27,18,45
"2624",2018-04-20,35,10,45
"2625",2018-04-20,35,9,44
"2626",2018-04-20,38,6,44
"2627",2018-04-20,38,6,44
"2628",2018-04-20,39,5,44
"2629",2018-04-20,39,5,44
"2630",2018-04-20,39,5,44
"2631",2018-04-20,40,5,45
"2632",2018-04-20,40,4,44
"2633",2018-04-20,40,5,45
"2634",2018-04-20,40,5,45
"2635",2018-04-20,40,6,46
"2636",2018-04-20,37,9,46
"2637",2018-04-20,35,11,46
"2638",2018-04-20,33,14,47
"2639",2018-04-20,29,19,48
"2640",2018-04-20,28,21,49
"2641",2018-04-21,32,16,48
"2642",2018-04-21,29,19,48
"2643",2018-04-21,23,26,49
"2644",2018-04-21,26,24,50
"2645",2018-04-21,23,26,49
"2646",2018-04-21,6,43,49
"2647",2018-04-21,8,42,50
"2648",2018-04-21,16,31,47
"2649",2018-04-21,18,31,49
"2650",2018-04-21,35,14,49
"2651",2018-04-21,27,23,50
"2652",2018-04-21,35,13,48
"2653",2018-04-21,39,10,49
"2654",2018-04-21,43,7,50
"2655",2018-04-21,47,5,52
"2656",2018-04-21,47,6,53
"2657",2018-04-21,49,5,54
"2658",2018-04-21,48,6,54
"2659",2018-04-21,42,11,53
"2660",2018-04-21,38,11,49
"2661",2018-04-21,38,11,49
"2662",2018-04-21,33,16,49
"2663",2018-04-21,24,26,50
"2664",2018-04-21,23,27,50
"2665",2018-04-22,20,31,51
"2666",2018-04-22,11,42,53
"2667",2018-04-22,21,31,52
"2668",2018-04-22,NA,NA,NA
"2669",2018-04-22,1,51,52
"2670",2018-04-22,2,50,52
"2671",2018-04-22,7,47,54
"2672",2018-04-22,12,42,54
"2673",2018-04-22,33,18,51
"2674",2018-04-22,40,12,52
"2675",2018-04-22,39,13,52
"2676",2018-04-22,40,13,53
"2677",2018-04-22,40,14,54
"2678",2018-04-22,43,11,54
"2679",2018-04-22,45,9,54
"2680",2018-04-22,45,10,55
"2681",2018-04-22,47,6,53
"2682",2018-04-22,NA,NA,NA
"2683",2018-04-22,46,6,52
"2684",2018-04-22,42,9,51
"2685",2018-04-22,37,14,51
"2686",2018-04-22,22,31,53
"2687",2018-04-22,15,40,55
"2688",2018-04-22,4,50,54
"2689",2018-04-23,5,49,54
"2690",2018-04-23,22,31,53
"2691",2018-04-23,27,24,51
"2692",2018-04-23,36,13,49
"2693",2018-04-23,33,16,49
"2694",2018-04-23,16,35,51
"2695",2018-04-23,14,39,53
"2696",2018-04-23,17,36,53
"2697",2018-04-23,36,14,50
"2698",2018-04-23,39,11,50
"2699",2018-04-23,40,10,50
"2700",2018-04-23,43,8,51
"2701",2018-04-23,39,15,54
"2702",2018-04-23,25,34,59
"2703",2018-04-23,33,25,58
"2704",2018-04-23,48,7,55
"2705",2018-04-23,45,12,57
"2706",2018-04-23,47,9,56
"2707",2018-04-23,47,10,57
"2708",2018-04-23,44,13,57
"2709",2018-04-23,40,16,56
"2710",2018-04-23,32,22,54
"2711",2018-04-23,34,20,54
"2712",2018-04-23,32,21,53
"2713",2018-04-24,40,15,55
"2714",2018-04-24,35,18,53
"2715",2018-04-24,30,24,54
"2716",2018-04-24,26,25,51
"2717",2018-04-24,30,19,49
"2718",2018-04-24,23,28,51
"2719",2018-04-24,31,19,50
"2720",2018-04-24,25,26,51
"2721",2018-04-24,25,25,50
"2722",2018-04-24,35,14,49
"2723",2018-04-24,41,8,49
"2724",2018-04-24,45,5,50
"2725",2018-04-24,46,6,52
"2726",2018-04-24,43,9,52
"2727",2018-04-24,44,9,53
"2728",2018-04-24,40,12,52
"2729",2018-04-24,30,24,54
"2730",2018-04-24,32,23,55
"2731",2018-04-24,24,30,54
"2732",2018-04-24,20,33,53
"2733",2018-04-24,15,35,50
"2734",2018-04-24,17,30,47
"2735",2018-04-24,22,22,44
"2736",2018-04-24,28,17,45
"2737",2018-04-25,40,9,49
"2738",2018-04-25,44,6,50
"2739",2018-04-25,44,6,50
"2740",2018-04-25,45,5,50
"2741",2018-04-25,43,6,49
"2742",2018-04-25,41,7,48
"2743",2018-04-25,36,11,47
"2744",2018-04-25,32,14,46
"2745",2018-04-25,32,14,46
"2746",2018-04-25,34,11,45
"2747",2018-04-25,29,16,45
"2748",2018-04-25,23,21,44
"2749",2018-04-25,24,21,45
"2750",2018-04-25,25,20,45
"2751",2018-04-25,23,21,44
"2752",2018-04-25,16,30,46
"2753",2018-04-25,13,34,47
"2754",2018-04-25,26,11,37
"2755",2018-04-25,22,8,30
"2756",2018-04-25,23,6,29
"2757",2018-04-25,24,5,29
"2758",2018-04-25,24,5,29
"2759",2018-04-25,24,4,28
"2760",2018-04-25,23,4,27
"2761",2018-04-26,24,4,28
"2762",2018-04-26,24,3,27
"2763",2018-04-26,23,4,27
"2764",2018-04-26,24,5,29
"2765",2018-04-26,27,5,32
"2766",2018-04-26,24,8,32
"2767",2018-04-26,22,9,31
"2768",2018-04-26,23,10,33
"2769",2018-04-26,26,6,32
"2770",2018-04-26,28,4,32
"2771",2018-04-26,NA,NA,NA
"2772",2018-04-26,NA,NA,NA
"2773",2018-04-26,NA,NA,NA
"2774",2018-04-26,37,8,45
"2775",2018-04-26,39,8,47
"2776",2018-04-26,37,11,48
"2777",2018-04-26,35,13,48
"2778",2018-04-26,38,10,48
"2779",2018-04-26,38,7,45
"2780",2018-04-26,36,8,44
"2781",2018-04-26,28,15,43
"2782",2018-04-26,19,22,41
"2783",2018-04-26,14,24,38
"2784",2018-04-26,5,34,39
"2785",2018-04-27,2,39,41
"2786",2018-04-27,1,39,40
"2787",2018-04-27,1,38,39
"2788",2018-04-27,2,39,41
"2789",2018-04-27,12,28,40
"2790",2018-04-27,6,33,39
"2791",2018-04-27,11,28,39
"2792",2018-04-27,8,34,42
"2793",2018-04-27,14,31,45
"2794",2018-04-27,25,21,46
"2795",2018-04-27,32,17,49
"2796",2018-04-27,32,18,50
"2797",2018-04-27,39,13,52
"2798",2018-04-27,43,10,53
"2799",2018-04-27,45,10,55
"2800",2018-04-27,42,14,56
"2801",2018-04-27,45,10,55
"2802",2018-04-27,46,9,55
"2803",2018-04-27,41,14,55
"2804",2018-04-27,37,16,53
"2805",2018-04-27,40,16,56
"2806",2018-04-27,47,9,56
"2807",2018-04-27,47,7,54
"2808",2018-04-27,41,10,51
"2809",2018-04-28,40,11,51
"2810",2018-04-28,37,13,50
"2811",2018-04-28,36,10,46
"2812",2018-04-28,34,10,44
"2813",2018-04-28,33,11,44
"2814",2018-04-28,39,9,48
"2815",2018-04-28,41,9,50
"2816",2018-04-28,42,8,50
"2817",2018-04-28,35,9,44
"2818",2018-04-28,25,8,33
"2819",2018-04-28,22,8,30
"2820",2018-04-28,22,7,29
"2821",2018-04-28,24,6,30
"2822",2018-04-28,26,5,31
"2823",2018-04-28,26,4,30
"2824",2018-04-28,26,3,29
"2825",2018-04-28,26,3,29
"2826",2018-04-28,24,4,28
"2827",2018-04-28,24,4,28
"2828",2018-04-28,25,4,29
"2829",2018-04-28,25,4,29
"2830",2018-04-28,25,5,30
"2831",2018-04-28,24,6,30
"2832",2018-04-28,25,5,30
"2833",2018-04-29,27,4,31
"2834",2018-04-29,29,5,34
"2835",2018-04-29,29,5,34
"2836",2018-04-29,NA,NA,NA
"2837",2018-04-29,30,5,35
"2838",2018-04-29,29,6,35
"2839",2018-04-29,30,7,37
"2840",2018-04-29,31,6,37
"2841",2018-04-29,33,4,37
"2842",2018-04-29,35,3,38
"2843",2018-04-29,36,3,39
"2844",2018-04-29,40,3,43
"2845",2018-04-29,43,3,46
"2846",2018-04-29,45,2,47
"2847",2018-04-29,48,2,50
"2848",2018-04-29,54,2,56
"2849",2018-04-29,54,3,57
"2850",2018-04-29,51,3,54
"2851",2018-04-29,48,4,52
"2852",2018-04-29,45,6,51
"2853",2018-04-29,43,6,49
"2854",2018-04-29,40,8,48
"2855",2018-04-29,33,13,46
"2856",2018-04-29,33,9,42
"2857",2018-04-30,34,8,42
"2858",2018-04-30,34,9,43
"2859",2018-04-30,33,10,43
"2860",2018-04-30,32,13,45
"2861",2018-04-30,32,12,44
"2862",2018-04-30,30,14,44
"2863",2018-04-30,25,20,45
"2864",2018-04-30,29,17,46
"2865",2018-04-30,37,9,46
"2866",2018-04-30,42,7,49
"2867",2018-04-30,44,7,51
"2868",2018-04-30,35,15,50
"2869",2018-04-30,37,15,52
"2870",2018-04-30,42,14,56
"2871",2018-04-30,45,14,59
"2872",2018-04-30,44,16,60
"2873",2018-04-30,35,25,60
"2874",2018-04-30,36,24,60
"2875",2018-04-30,50,6,56
"2876",2018-04-30,49,8,57
"2877",2018-04-30,47,11,58
"2878",2018-04-30,39,19,58
"2879",2018-04-30,23,35,58
"2880",2018-04-30,25,31,56
"2881",2018-05-01,24,32,56
"2882",2018-05-01,21,33,54
"2883",2018-05-01,31,20,51
"2884",2018-05-01,34,16,50
"2885",2018-05-01,30,19,49
"2886",2018-05-01,24,29,53
"2887",2018-05-01,23,31,54
"2888",2018-05-01,21,36,57
"2889",2018-05-01,28,27,55
"2890",2018-05-01,30,25,55
"2891",2018-05-01,33,22,55
"2892",2018-05-01,38,19,57
"2893",2018-05-01,49,12,61
"2894",2018-05-01,55,10,65
"2895",2018-05-01,58,10,68
"2896",2018-05-01,61,8,69
"2897",2018-05-01,60,8,68
"2898",2018-05-01,60,7,67
"2899",2018-05-01,60,8,68
"2900",2018-05-01,59,10,69
"2901",2018-05-01,58,10,68
"2902",2018-05-01,58,9,67
"2903",2018-05-01,56,9,65
"2904",2018-05-01,55,8,63
"2905",2018-05-02,53,6,59
"2906",2018-05-02,50,7,57
"2907",2018-05-02,47,7,54
"2908",2018-05-02,45,7,52
"2909",2018-05-02,43,10,53
"2910",2018-05-02,41,10,51
"2911",2018-05-02,36,15,51
"2912",2018-05-02,32,20,52
"2913",2018-05-02,40,17,57
"2914",2018-05-02,45,15,60
"2915",2018-05-02,53,11,64
"2916",2018-05-02,59,10,69
"2917",2018-05-02,53,15,68
"2918",2018-05-02,57,14,71
"2919",2018-05-02,64,9,73
"2920",2018-05-02,63,8,71
"2921",2018-05-02,61,7,68
"2922",2018-05-02,61,6,67
"2923",2018-05-02,58,7,65
"2924",2018-05-02,52,9,61
"2925",2018-05-02,47,11,58
"2926",2018-05-02,46,10,56
"2927",2018-05-02,41,13,54
"2928",2018-05-02,41,9,50
"2929",2018-05-03,38,11,49
"2930",2018-05-03,41,7,48
"2931",2018-05-03,44,5,49
"2932",2018-05-03,41,8,49
"2933",2018-05-03,40,6,46
"2934",2018-05-03,38,6,44
"2935",2018-05-03,38,7,45
"2936",2018-05-03,29,15,44
"2937",2018-05-03,23,22,45
"2938",2018-05-03,41,8,49
"2939",2018-05-03,46,6,52
"2940",2018-05-03,44,6,50
"2941",2018-05-03,40,8,48
"2942",2018-05-03,29,18,47
"2943",2018-05-03,35,11,46
"2944",2018-05-03,24,24,48
"2945",2018-05-03,31,16,47
"2946",2018-05-03,30,9,39
"2947",2018-05-03,27,10,37
"2948",2018-05-03,21,14,35
"2949",2018-05-03,21,13,34
"2950",2018-05-03,22,12,34
"2951",2018-05-03,25,10,35
"2952",2018-05-03,30,7,37
"2953",2018-05-04,30,8,38
"2954",2018-05-04,32,7,39
"2955",2018-05-04,38,6,44
"2956",2018-05-04,36,8,44
"2957",2018-05-04,36,9,45
"2958",2018-05-04,40,7,47
"2959",2018-05-04,32,14,46
"2960",2018-05-04,22,16,38
"2961",2018-05-04,18,14,32
"2962",2018-05-04,19,13,32
"2963",2018-05-04,19,17,36
"2964",2018-05-04,32,12,44
"2965",2018-05-04,31,12,43
"2966",2018-05-04,42,7,49
"2967",2018-05-04,51,5,56
"2968",2018-05-04,54,4,58
"2969",2018-05-04,41,3,44
"2970",2018-05-04,31,3,34
"2971",2018-05-04,39,3,42
"2972",2018-05-04,44,3,47
"2973",2018-05-04,44,4,48
"2974",2018-05-04,44,5,49
"2975",2018-05-04,40,7,47
"2976",2018-05-04,34,11,45
"2977",2018-05-05,32,12,44
"2978",2018-05-05,34,7,41
"2979",2018-05-05,30,8,38
"2980",2018-05-05,28,9,37
"2981",2018-05-05,28,8,36
"2982",2018-05-05,29,8,37
"2983",2018-05-05,28,9,37
"2984",2018-05-05,24,15,39
"2985",2018-05-05,31,11,42
"2986",2018-05-05,36,9,45
"2987",2018-05-05,40,12,52
"2988",2018-05-05,41,17,58
"2989",2018-05-05,49,12,61
"2990",2018-05-05,49,15,64
"2991",2018-05-05,55,10,65
"2992",2018-05-05,56,8,64
"2993",2018-05-05,54,10,64
"2994",2018-05-05,54,9,63
"2995",2018-05-05,58,6,64
"2996",2018-05-05,54,9,63
"2997",2018-05-05,53,7,60
"2998",2018-05-05,50,9,59
"2999",2018-05-05,43,15,58
"3000",2018-05-05,38,14,52
"3001",2018-05-06,29,19,48
"3002",2018-05-06,23,25,48
"3003",2018-05-06,37,14,51
"3004",2018-05-06,NA,NA,NA
"3005",2018-05-06,30,16,46
"3006",2018-05-06,17,25,42
"3007",2018-05-06,25,19,44
"3008",2018-05-06,27,17,44
"3009",2018-05-06,39,8,47
"3010",2018-05-06,41,4,45
"3011",2018-05-06,39,5,44
"3012",2018-05-06,38,5,43
"3013",2018-05-06,39,4,43
"3014",2018-05-06,42,4,46
"3015",2018-05-06,45,4,49
"3016",2018-05-06,41,6,47
"3017",2018-05-06,32,13,45
"3018",2018-05-06,34,12,46
"3019",2018-05-06,37,8,45
"3020",2018-05-06,30,16,46
"3021",2018-05-06,21,20,41
"3022",2018-05-06,20,21,41
"3023",2018-05-06,28,7,35
"3024",2018-05-06,29,6,35
"3025",2018-05-07,32,5,37
"3026",2018-05-07,32,5,37
"3027",2018-05-07,30,7,37
"3028",2018-05-07,29,5,34
"3029",2018-05-07,28,6,34
"3030",2018-05-07,26,8,34
"3031",2018-05-07,20,15,35
"3032",2018-05-07,24,14,38
"3033",2018-05-07,28,9,37
"3034",2018-05-07,26,12,38
"3035",2018-05-07,33,7,40
"3036",2018-05-07,33,9,42
"3037",2018-05-07,36,7,43
"3038",2018-05-07,39,6,45
"3039",2018-05-07,32,14,46
"3040",2018-05-07,42,7,49
"3041",2018-05-07,40,9,49
"3042",2018-05-07,35,14,49
"3043",2018-05-07,30,19,49
"3044",2018-05-07,32,17,49
"3045",2018-05-07,27,22,49
"3046",2018-05-07,15,34,49
"3047",2018-05-07,5,46,51
"3048",2018-05-07,21,28,49
"3049",2018-05-08,32,17,49
"3050",2018-05-08,26,21,47
"3051",2018-05-08,20,25,45
"3052",2018-05-08,11,36,47
"3053",2018-05-08,5,42,47
"3054",2018-05-08,12,35,47
"3055",2018-05-08,9,40,49
"3056",2018-05-08,6,47,53
"3057",2018-05-08,10,42,52
"3058",2018-05-08,17,33,50
"3059",2018-05-08,22,27,49
"3060",2018-05-08,36,15,51
"3061",2018-05-08,37,15,52
"3062",2018-05-08,37,15,52
"3063",2018-05-08,39,13,52
"3064",2018-05-08,40,14,54
"3065",2018-05-08,42,13,55
"3066",2018-05-08,42,14,56
"3067",2018-05-08,43,12,55
"3068",2018-05-08,44,11,55
"3069",2018-05-08,44,14,58
"3070",2018-05-08,44,14,58
"3071",2018-05-08,44,13,57
"3072",2018-05-08,33,21,54
"3073",2018-05-09,23,31,54
"3074",2018-05-09,23,29,52
"3075",2018-05-09,26,24,50
"3076",2018-05-09,33,18,51
"3077",2018-05-09,34,18,52
"3078",2018-05-09,37,15,52
"3079",2018-05-09,35,18,53
"3080",2018-05-09,39,15,54
"3081",2018-05-09,40,14,54
"3082",2018-05-09,43,13,56
"3083",2018-05-09,43,16,59
"3084",2018-05-09,49,13,62
"3085",2018-05-09,46,18,64
"3086",2018-05-09,43,24,67
"3087",2018-05-09,49,20,69
"3088",2018-05-09,51,14,65
"3089",2018-05-09,60,10,70
"3090",2018-05-09,66,9,75
"3091",2018-05-09,65,8,73
"3092",2018-05-09,66,8,74
"3093",2018-05-09,66,7,73
"3094",2018-05-09,63,8,71
"3095",2018-05-09,57,9,66
"3096",2018-05-09,52,10,62
"3097",2018-05-10,43,13,56
"3098",2018-05-10,44,12,56
"3099",2018-05-10,49,6,55
"3100",2018-05-10,46,7,53
"3101",2018-05-10,44,7,51
"3102",2018-05-10,50,4,54
"3103",2018-05-10,45,7,52
"3104",2018-05-10,43,9,52
"3105",2018-05-10,38,14,52
"3106",2018-05-10,47,6,53
"3107",2018-05-10,46,5,51
"3108",2018-05-10,48,4,52
"3109",2018-05-10,49,4,53
"3110",2018-05-10,49,4,53
"3111",2018-05-10,47,4,51
"3112",2018-05-10,43,4,47
"3113",2018-05-10,41,4,45
"3114",2018-05-10,40,4,44
"3115",2018-05-10,37,4,41
"3116",2018-05-10,40,4,44
"3117",2018-05-10,37,4,41
"3118",2018-05-10,39,5,44
"3119",2018-05-10,43,3,46
"3120",2018-05-10,38,3,41
"3121",2018-05-11,34,3,37
"3122",2018-05-11,29,4,33
"3123",2018-05-11,28,4,32
"3124",2018-05-11,28,4,32
"3125",2018-05-11,31,4,35
"3126",2018-05-11,29,6,35
"3127",2018-05-11,27,9,36
"3128",2018-05-11,29,8,37
"3129",2018-05-11,30,6,36
"3130",2018-05-11,31,7,38
"3131",2018-05-11,28,10,38
"3132",2018-05-11,30,10,40
"3133",2018-05-11,33,7,40
"3134",2018-05-11,35,7,42
"3135",2018-05-11,33,9,42
"3136",2018-05-11,33,10,43
"3137",2018-05-11,30,14,44
"3138",2018-05-11,30,15,45
"3139",2018-05-11,28,18,46
"3140",2018-05-11,33,13,46
"3141",2018-05-11,37,10,47
"3142",2018-05-11,34,14,48
"3143",2018-05-11,32,15,47
"3144",2018-05-11,33,13,46
"3145",2018-05-12,34,10,44
"3146",2018-05-12,35,9,44
"3147",2018-05-12,37,8,45
"3148",2018-05-12,36,7,43
"3149",2018-05-12,33,9,42
"3150",2018-05-12,26,13,39
"3151",2018-05-12,22,17,39
"3152",2018-05-12,34,9,43
"3153",2018-05-12,33,10,43
"3154",2018-05-12,36,7,43
"3155",2018-05-12,38,5,43
"3156",2018-05-12,38,5,43
"3157",2018-05-12,38,5,43
"3158",2018-05-12,39,5,44
"3159",2018-05-12,37,8,45
"3160",2018-05-12,40,7,47
"3161",2018-05-12,37,9,46
"3162",2018-05-12,35,10,45
"3163",2018-05-12,35,12,47
"3164",2018-05-12,33,14,47
"3165",2018-05-12,26,20,46
"3166",2018-05-12,22,23,45
"3167",2018-05-12,24,21,45
"3168",2018-05-12,24,23,47
"3169",2018-05-13,23,22,45
"3170",2018-05-13,23,18,41
"3171",2018-05-13,24,18,42
"3172",2018-05-13,NA,NA,NA
"3173",2018-05-13,27,13,40
"3174",2018-05-13,25,17,42
"3175",2018-05-13,26,14,40
"3176",2018-05-13,29,12,41
"3177",2018-05-13,42,6,48
"3178",2018-05-13,45,5,50
"3179",2018-05-13,45,4,49
"3180",2018-05-13,44,3,47
"3181",2018-05-13,44,3,47
"3182",2018-05-13,42,4,46
"3183",2018-05-13,41,5,46
"3184",2018-05-13,40,6,46
"3185",2018-05-13,37,8,45
"3186",2018-05-13,39,7,46
"3187",2018-05-13,26,21,47
"3188",2018-05-13,30,17,47
"3189",2018-05-13,38,11,49
"3190",2018-05-13,36,13,49
"3191",2018-05-13,32,15,47
"3192",2018-05-13,28,19,47
"3193",2018-05-14,15,30,45
"3194",2018-05-14,31,14,45
"3195",2018-05-14,30,13,43
"3196",2018-05-14,32,10,42
"3197",2018-05-14,13,28,41
"3198",2018-05-14,6,33,39
"3199",2018-05-14,9,31,40
"3200",2018-05-14,15,27,42
"3201",2018-05-14,21,20,41
"3202",2018-05-14,22,20,42
"3203",2018-05-14,27,19,46
"3204",2018-05-14,45,11,56
"3205",2018-05-14,49,9,58
"3206",2018-05-14,51,6,57
"3207",2018-05-14,48,7,55
"3208",2018-05-14,50,7,57
"3209",2018-05-14,48,12,60
"3210",2018-05-14,49,9,58
"3211",2018-05-14,48,6,54
"3212",2018-05-14,45,7,52
"3213",2018-05-14,37,12,49
"3214",2018-05-14,28,19,47
"3215",2018-05-14,29,16,45
"3216",2018-05-14,35,10,45
"3217",2018-05-15,35,8,43
"3218",2018-05-15,38,6,44
"3219",2018-05-15,39,5,44
"3220",2018-05-15,31,9,40
"3221",2018-05-15,25,10,35
"3222",2018-05-15,16,17,33
"3223",2018-05-15,8,25,33
"3224",2018-05-15,28,14,42
"3225",2018-05-15,35,13,48
"3226",2018-05-15,33,17,50
"3227",2018-05-15,35,15,50
"3228",2018-05-15,35,16,51
"3229",2018-05-15,40,10,50
"3230",2018-05-15,38,14,52
"3231",2018-05-15,40,15,55
"3232",2018-05-15,39,19,58
"3233",2018-05-15,43,13,56
"3234",2018-05-15,40,6,46
"3235",2018-05-15,40,6,46
"3236",2018-05-15,35,7,42
"3237",2018-05-15,30,7,37
"3238",2018-05-15,29,6,35
"3239",2018-05-15,31,6,37
"3240",2018-05-15,30,7,37
"3241",2018-05-16,29,8,37
"3242",2018-05-16,28,9,37
"3243",2018-05-16,32,5,37
"3244",2018-05-16,28,8,36
"3245",2018-05-16,28,9,37
"3246",2018-05-16,26,10,36
"3247",2018-05-16,30,10,40
"3248",2018-05-16,32,8,40
"3249",2018-05-16,33,6,39
"3250",2018-05-16,33,6,39
"3251",2018-05-16,33,6,39
"3252",2018-05-16,34,7,41
"3253",2018-05-16,33,11,44
"3254",2018-05-16,34,13,47
"3255",2018-05-16,31,20,51
"3256",2018-05-16,28,24,52
"3257",2018-05-16,24,29,53
"3258",2018-05-16,20,33,53
"3259",2018-05-16,20,25,45
"3260",2018-05-16,10,33,43
"3261",2018-05-16,7,38,45
"3262",2018-05-16,1,44,45
"3263",2018-05-16,3,42,45
"3264",2018-05-16,13,33,46
"3265",2018-05-17,20,27,47
"3266",2018-05-17,34,14,48
"3267",2018-05-17,24,20,44
"3268",2018-05-17,15,30,45
"3269",2018-05-17,6,34,40
"3270",2018-05-17,4,38,42
"3271",2018-05-17,3,35,38
"3272",2018-05-17,4,45,49
"3273",2018-05-17,5,52,57
"3274",2018-05-17,11,47,58
"3275",2018-05-17,41,17,58
"3276",2018-05-17,37,26,63
"3277",2018-05-17,50,14,64
"3278",2018-05-17,48,26,74
"3279",2018-05-17,55,20,75
"3280",2018-05-17,63,12,75
"3281",2018-05-17,53,30,83
"3282",2018-05-17,56,18,74
"3283",2018-05-17,48,18,66
"3284",2018-05-17,32,11,43
"3285",2018-05-17,29,7,36
"3286",2018-05-17,28,9,37
"3287",2018-05-17,30,7,37
"3288",2018-05-17,34,6,40
"3289",2018-05-18,34,6,40
"3290",2018-05-18,35,4,39
"3291",2018-05-18,35,4,39
"3292",2018-05-18,35,4,39
"3293",2018-05-18,32,6,38
"3294",2018-05-18,30,7,37
"3295",2018-05-18,29,7,36
"3296",2018-05-18,31,6,37
"3297",2018-05-18,32,5,37
"3298",2018-05-18,35,4,39
"3299",2018-05-18,37,4,41
"3300",2018-05-18,38,4,42
"3301",2018-05-18,39,5,44
"3302",2018-05-18,40,5,45
"3303",2018-05-18,40,5,45
"3304",2018-05-18,42,5,47
"3305",2018-05-18,44,5,49
"3306",2018-05-18,46,5,51
"3307",2018-05-18,47,6,53
"3308",2018-05-18,47,7,54
"3309",2018-05-18,46,7,53
"3310",2018-05-18,45,7,52
"3311",2018-05-18,44,6,50
"3312",2018-05-18,40,8,48
"3313",2018-05-19,40,6,46
"3314",2018-05-19,39,5,44
"3315",2018-05-19,38,5,43
"3316",2018-05-19,36,5,41
"3317",2018-05-19,33,5,38
"3318",2018-05-19,30,6,36
"3319",2018-05-19,28,7,35
"3320",2018-05-19,28,8,36
"3321",2018-05-19,31,7,38
"3322",2018-05-19,33,7,40
"3323",2018-05-19,33,7,40
"3324",2018-05-19,32,7,39
"3325",2018-05-19,30,8,38
"3326",2018-05-19,30,8,38
"3327",2018-05-19,29,7,36
"3328",2018-05-19,29,7,36
"3329",2018-05-19,31,6,37
"3330",2018-05-19,26,10,36
"3331",2018-05-19,20,15,35
"3332",2018-05-19,13,21,34
"3333",2018-05-19,12,20,32
"3334",2018-05-19,20,13,33
"3335",2018-05-19,16,17,33
"3336",2018-05-19,12,21,33
"3337",2018-05-20,10,20,30
"3338",2018-05-20,7,20,27
"3339",2018-05-20,19,11,30
"3340",2018-05-20,NA,NA,NA
"3341",2018-05-20,26,3,29
"3342",2018-05-20,23,3,26
"3343",2018-05-20,24,3,27
"3344",2018-05-20,24,4,28
"3345",2018-05-20,24,4,28
"3346",2018-05-20,26,4,30
"3347",2018-05-20,30,3,33
"3348",2018-05-20,33,2,35
"3349",2018-05-20,35,3,38
"3350",2018-05-20,39,3,42
"3351",2018-05-20,40,2,42
"3352",2018-05-20,41,2,43
"3353",2018-05-20,41,2,43
"3354",2018-05-20,39,3,42
"3355",2018-05-20,38,3,41
"3356",2018-05-20,38,3,41
"3357",2018-05-20,46,3,49
"3358",2018-05-20,42,4,46
"3359",2018-05-20,37,5,42
"3360",2018-05-20,37,6,43
"3361",2018-05-21,42,3,45
"3362",2018-05-21,36,6,42
"3363",2018-05-21,35,6,41
"3364",2018-05-21,34,5,39
"3365",2018-05-21,25,10,35
"3366",2018-05-21,21,13,34
"3367",2018-05-21,23,13,36
"3368",2018-05-21,27,10,37
"3369",2018-05-21,24,13,37
"3370",2018-05-21,26,12,38
"3371",2018-05-21,34,9,43
"3372",2018-05-21,40,6,46
"3373",2018-05-21,41,7,48
"3374",2018-05-21,38,11,49
"3375",2018-05-21,42,8,50
"3376",2018-05-21,38,7,45
"3377",2018-05-21,37,6,43
"3378",2018-05-21,36,7,43
"3379",2018-05-21,34,10,44
"3380",2018-05-21,29,14,43
"3381",2018-05-21,27,16,43
"3382",2018-05-21,8,36,44
"3383",2018-05-21,6,40,46
"3384",2018-05-21,24,20,44
"3385",2018-05-22,31,11,42
"3386",2018-05-22,34,7,41
"3387",2018-05-22,37,6,43
"3388",2018-05-22,37,7,44
"3389",2018-05-22,33,8,41
"3390",2018-05-22,24,14,38
"3391",2018-05-22,21,19,40
"3392",2018-05-22,22,19,41
"3393",2018-05-22,26,18,44
"3394",2018-05-22,36,10,46
"3395",2018-05-22,37,9,46
"3396",2018-05-22,37,9,46
"3397",2018-05-22,36,10,46
"3398",2018-05-22,34,13,47
"3399",2018-05-22,29,18,47
"3400",2018-05-22,28,18,46
"3401",2018-05-22,25,21,46
"3402",2018-05-22,25,22,47
"3403",2018-05-22,24,21,45
"3404",2018-05-22,18,25,43
"3405",2018-05-22,13,27,40
"3406",2018-05-22,8,32,40
"3407",2018-05-22,5,32,37
"3408",2018-05-22,26,10,36
"3409",2018-05-23,26,8,34
"3410",2018-05-23,29,4,33
"3411",2018-05-23,31,4,35
"3412",2018-05-23,27,7,34
"3413",2018-05-23,25,8,33
"3414",2018-05-23,14,17,31
"3415",2018-05-23,8,23,31
"3416",2018-05-23,21,19,40
"3417",2018-05-23,36,10,46
"3418",2018-05-23,39,8,47
"3419",2018-05-23,41,8,49
"3420",2018-05-23,36,15,51
"3421",2018-05-23,38,18,56
"3422",2018-05-23,45,7,52
"3423",2018-05-23,45,5,50
"3424",2018-05-23,46,5,51
"3425",2018-05-23,53,5,58
"3426",2018-05-23,56,5,61
"3427",2018-05-23,53,6,59
"3428",2018-05-23,49,7,56
"3429",2018-05-23,42,11,53
"3430",2018-05-23,40,11,51
"3431",2018-05-23,32,16,48
"3432",2018-05-23,23,20,43
"3433",2018-05-24,27,14,41
"3434",2018-05-24,27,13,40
"3435",2018-05-24,25,14,39
"3436",2018-05-24,20,16,36
"3437",2018-05-24,15,22,37
"3438",2018-05-24,23,16,39
"3439",2018-05-24,10,29,39
"3440",2018-05-24,7,37,44
"3441",2018-05-24,10,37,47
"3442",2018-05-24,21,30,51
"3443",2018-05-24,32,25,57
"3444",2018-05-24,46,18,64
"3445",2018-05-24,56,15,71
"3446",2018-05-24,62,13,75
"3447",2018-05-24,71,11,82
"3448",2018-05-24,68,12,80
"3449",2018-05-24,62,15,77
"3450",2018-05-24,56,14,70
"3451",2018-05-24,62,5,67
"3452",2018-05-24,55,10,65
"3453",2018-05-24,43,19,62
"3454",2018-05-24,39,21,60
"3455",2018-05-24,47,13,60
"3456",2018-05-24,53,9,62
"3457",2018-05-25,48,12,60
"3458",2018-05-25,45,11,56
"3459",2018-05-25,46,10,56
"3460",2018-05-25,46,10,56
"3461",2018-05-25,40,14,54
"3462",2018-05-25,38,19,57
"3463",2018-05-25,36,23,59
"3464",2018-05-25,42,20,62
"3465",2018-05-25,35,27,62
"3466",2018-05-25,40,23,63
"3467",2018-05-25,53,15,68
"3468",2018-05-25,64,11,75
"3469",2018-05-25,74,10,84
"3470",2018-05-25,75,10,85
"3471",2018-05-25,76,9,85
"3472",2018-05-25,75,9,84
"3473",2018-05-25,76,9,85
"3474",2018-05-25,77,9,86
"3475",2018-05-25,72,10,82
"3476",2018-05-25,70,10,80
"3477",2018-05-25,61,14,75
"3478",2018-05-25,54,14,68
"3479",2018-05-25,50,14,64
"3480",2018-05-25,48,14,62
"3481",2018-05-26,46,16,62
"3482",2018-05-26,53,11,64
"3483",2018-05-26,55,9,64
"3484",2018-05-26,54,7,61
"3485",2018-05-26,42,11,53
"3486",2018-05-26,34,18,52
"3487",2018-05-26,28,22,50
"3488",2018-05-26,31,20,51
"3489",2018-05-26,42,16,58
"3490",2018-05-26,26,39,65
"3491",2018-05-26,42,26,68
"3492",2018-05-26,57,15,72
"3493",2018-05-26,64,11,75
"3494",2018-05-26,60,14,74
"3495",2018-05-26,74,10,84
"3496",2018-05-26,74,9,83
"3497",2018-05-26,72,7,79
"3498",2018-05-26,61,7,68
"3499",2018-05-26,60,8,68
"3500",2018-05-26,60,8,68
"3501",2018-05-26,58,6,64
"3502",2018-05-26,55,5,60
"3503",2018-05-26,61,7,68
"3504",2018-05-26,62,10,72
"3505",2018-05-27,62,8,70
"3506",2018-05-27,57,9,66
"3507",2018-05-27,53,8,61
"3508",2018-05-27,NA,NA,NA
"3509",2018-05-27,55,4,59
"3510",2018-05-27,48,3,51
"3511",2018-05-27,46,4,50
"3512",2018-05-27,44,5,49
"3513",2018-05-27,43,8,51
"3514",2018-05-27,40,10,50
"3515",2018-05-27,55,7,62
"3516",2018-05-27,60,9,69
"3517",2018-05-27,61,10,71
"3518",2018-05-27,59,15,74
"3519",2018-05-27,52,11,63
"3520",2018-05-27,61,8,69
"3521",2018-05-27,63,5,68
"3522",2018-05-27,64,5,69
"3523",2018-05-27,64,6,70
"3524",2018-05-27,52,9,61
"3525",2018-05-27,50,8,58
"3526",2018-05-27,46,10,56
"3527",2018-05-27,45,8,53
"3528",2018-05-27,41,9,50
"3529",2018-05-28,38,8,46
"3530",2018-05-28,32,8,40
"3531",2018-05-28,24,11,35
"3532",2018-05-28,18,14,32
"3533",2018-05-28,12,17,29
"3534",2018-05-28,11,24,35
"3535",2018-05-28,9,26,35
"3536",2018-05-28,9,31,40
"3537",2018-05-28,7,35,42
"3538",2018-05-28,14,30,44
"3539",2018-05-28,21,31,52
"3540",2018-05-28,38,26,64
"3541",2018-05-28,63,17,80
"3542",2018-05-28,75,12,87
"3543",2018-05-28,79,9,88
"3544",2018-05-28,80,9,89
"3545",2018-05-28,74,13,87
"3546",2018-05-28,80,8,88
"3547",2018-05-28,65,13,78
"3548",2018-05-28,45,10,55
"3549",2018-05-28,39,11,50
"3550",2018-05-28,35,13,48
"3551",2018-05-28,34,14,48
"3552",2018-05-28,35,13,48
"3553",2018-05-29,31,14,45
"3554",2018-05-29,34,9,43
"3555",2018-05-29,33,9,42
"3556",2018-05-29,44,5,49
"3557",2018-05-29,47,5,52
"3558",2018-05-29,40,8,48
"3559",2018-05-29,29,14,43
"3560",2018-05-29,30,9,39
"3561",2018-05-29,34,6,40
"3562",2018-05-29,37,6,43
"3563",2018-05-29,38,5,43
"3564",2018-05-29,39,5,44
"3565",2018-05-29,38,5,43
"3566",2018-05-29,37,7,44
"3567",2018-05-29,39,9,48
"3568",2018-05-29,42,5,47
"3569",2018-05-29,39,5,44
"3570",2018-05-29,42,5,47
"3571",2018-05-29,39,6,45
"3572",2018-05-29,39,7,46
"3573",2018-05-29,42,6,48
"3574",2018-05-29,42,7,49
"3575",2018-05-29,45,6,51
"3576",2018-05-29,47,4,51
"3577",2018-05-30,48,4,52
"3578",2018-05-30,50,3,53
"3579",2018-05-30,46,4,50
"3580",2018-05-30,39,6,45
"3581",2018-05-30,44,6,50
"3582",2018-05-30,45,6,51
"3583",2018-05-30,42,8,50
"3584",2018-05-30,38,9,47
"3585",2018-05-30,39,9,48
"3586",2018-05-30,44,7,51
"3587",2018-05-30,45,7,52
"3588",2018-05-30,46,9,55
"3589",2018-05-30,51,9,60
"3590",2018-05-30,54,8,62
"3591",2018-05-30,55,8,63
"3592",2018-05-30,60,6,66
"3593",2018-05-30,71,6,77
"3594",2018-05-30,66,7,73
"3595",2018-05-30,56,12,68
"3596",2018-05-30,50,16,66
"3597",2018-05-30,48,17,65
"3598",2018-05-30,47,15,62
"3599",2018-05-30,38,17,55
"3600",2018-05-30,32,15,47
"3601",2018-05-31,31,11,42
"3602",2018-05-31,25,10,35
"3603",2018-05-31,21,10,31
"3604",2018-05-31,20,10,30
"3605",2018-05-31,20,9,29
"3606",2018-05-31,15,14,29
"3607",2018-05-31,14,14,28
"3608",2018-05-31,17,10,27
"3609",2018-05-31,17,9,26
"3610",2018-05-31,18,10,28
"3611",2018-05-31,27,9,36
"3612",2018-05-31,38,7,45
"3613",2018-05-31,47,7,54
"3614",2018-05-31,49,7,56
"3615",2018-05-31,50,8,58
"3616",2018-05-31,54,7,61
"3617",2018-05-31,58,7,65
"3618",2018-05-31,60,6,66
"3619",2018-05-31,57,8,65
"3620",2018-05-31,53,5,58
"3621",2018-05-31,50,7,57
"3622",2018-05-31,41,14,55
"3623",2018-05-31,43,10,53
"3624",2018-05-31,42,9,51
"3625",2018-06-01,42,7,49
"3626",2018-06-01,42,5,47
"3627",2018-06-01,41,5,46
"3628",2018-06-01,39,5,44
"3629",2018-06-01,33,8,41
"3630",2018-06-01,20,19,39
"3631",2018-06-01,16,27,43
"3632",2018-06-01,26,19,45
"3633",2018-06-01,25,21,46
"3634",2018-06-01,29,23,52
"3635",2018-06-01,41,8,49
"3636",2018-06-01,49,5,54
"3637",2018-06-01,47,6,53
"3638",2018-06-01,46,4,50
"3639",2018-06-01,47,5,52
"3640",2018-06-01,48,5,53
"3641",2018-06-01,45,5,50
"3642",2018-06-01,42,4,46
"3643",2018-06-01,31,4,35
"3644",2018-06-01,22,4,26
"3645",2018-06-01,18,5,23
"3646",2018-06-01,15,6,21
"3647",2018-06-01,14,5,19
"3648",2018-06-01,13,4,17
"3649",2018-06-02,14,3,17
"3650",2018-06-02,13,2,15
"3651",2018-06-02,14,2,16
"3652",2018-06-02,17,2,19
"3653",2018-06-02,19,2,21
"3654",2018-06-02,18,2,20
"3655",2018-06-02,17,3,20
"3656",2018-06-02,15,4,19
"3657",2018-06-02,14,4,18
"3658",2018-06-02,16,4,20
"3659",2018-06-02,18,5,23
"3660",2018-06-02,20,4,24
"3661",2018-06-02,20,5,25
"3662",2018-06-02,23,5,28
"3663",2018-06-02,26,9,35
"3664",2018-06-02,25,9,34
"3665",2018-06-02,26,7,33
"3666",2018-06-02,28,6,34
"3667",2018-06-02,26,6,32
"3668",2018-06-02,23,9,32
"3669",2018-06-02,23,8,31
"3670",2018-06-02,21,9,30
"3671",2018-06-02,19,11,30
"3672",2018-06-02,16,14,30
"3673",2018-06-03,13,16,29
"3674",2018-06-03,13,16,29
"3675",2018-06-03,14,14,28
"3676",2018-06-03,NA,NA,NA
"3677",2018-06-03,27,8,35
"3678",2018-06-03,35,4,39
"3679",2018-06-03,35,6,41
"3680",2018-06-03,30,8,38
"3681",2018-06-03,27,8,35
"3682",2018-06-03,27,5,32
"3683",2018-06-03,29,4,33
"3684",2018-06-03,32,4,36
"3685",2018-06-03,31,5,36
"3686",2018-06-03,31,5,36
"3687",2018-06-03,29,5,34
"3688",2018-06-03,25,8,33
"3689",2018-06-03,22,10,32
"3690",2018-06-03,18,11,29
"3691",2018-06-03,12,12,24
"3692",2018-06-03,10,14,24
"3693",2018-06-03,14,10,24
"3694",2018-06-03,15,9,24
"3695",2018-06-03,11,13,24
"3696",2018-06-03,12,12,24
"3697",2018-06-04,7,16,23
"3698",2018-06-04,10,14,24
"3699",2018-06-04,29,5,34
"3700",2018-06-04,30,5,35
"3701",2018-06-04,25,4,29
"3702",2018-06-04,18,6,24
"3703",2018-06-04,16,7,23
"3704",2018-06-04,19,5,24
"3705",2018-06-04,19,5,24
"3706",2018-06-04,19,4,23
"3707",2018-06-04,18,4,22
"3708",2018-06-04,18,3,21
"3709",2018-06-04,17,3,20
"3710",2018-06-04,15,3,18
"3711",2018-06-04,17,3,20
"3712",2018-06-04,28,3,31
"3713",2018-06-04,32,3,35
"3714",2018-06-04,33,3,36
"3715",2018-06-04,31,4,35
"3716",2018-06-04,29,6,35
"3717",2018-06-04,27,5,32
"3718",2018-06-04,27,4,31
"3719",2018-06-04,25,5,30
"3720",2018-06-04,23,6,29
"3721",2018-06-05,20,9,29
"3722",2018-06-05,24,5,29
"3723",2018-06-05,22,5,27
"3724",2018-06-05,20,5,25
"3725",2018-06-05,18,5,23
"3726",2018-06-05,18,4,22
"3727",2018-06-05,18,5,23
"3728",2018-06-05,22,4,26
"3729",2018-06-05,22,4,26
"3730",2018-06-05,21,4,25
"3731",2018-06-05,19,4,23
"3732",2018-06-05,20,4,24
"3733",2018-06-05,18,5,23
"3734",2018-06-05,18,5,23
"3735",2018-06-05,17,5,22
"3736",2018-06-05,20,5,25
"3737",2018-06-05,21,5,26
"3738",2018-06-05,24,4,28
"3739",2018-06-05,22,4,26
"3740",2018-06-05,20,4,24
"3741",2018-06-05,20,4,24
"3742",2018-06-05,20,5,25
"3743",2018-06-05,18,6,24
"3744",2018-06-05,17,6,23
"3745",2018-06-06,17,5,22
"3746",2018-06-06,17,4,21
"3747",2018-06-06,16,4,20
"3748",2018-06-06,19,3,22
"3749",2018-06-06,18,3,21
"3750",2018-06-06,16,5,21
"3751",2018-06-06,15,6,21
"3752",2018-06-06,14,7,21
"3753",2018-06-06,13,7,20
"3754",2018-06-06,14,7,21
"3755",2018-06-06,15,7,22
"3756",2018-06-06,15,7,22
"3757",2018-06-06,17,6,23
"3758",2018-06-06,20,6,26
"3759",2018-06-06,21,7,28
"3760",2018-06-06,24,8,32
"3761",2018-06-06,25,7,32
"3762",2018-06-06,26,7,33
"3763",2018-06-06,19,11,30
"3764",2018-06-06,19,8,27
"3765",2018-06-06,17,9,26
"3766",2018-06-06,17,8,25
"3767",2018-06-06,19,8,27
"3768",2018-06-06,20,10,30
"3769",2018-06-07,23,10,33
"3770",2018-06-07,22,12,34
"3771",2018-06-07,27,6,33
"3772",2018-06-07,27,6,33
"3773",2018-06-07,25,8,33
"3774",2018-06-07,24,8,32
"3775",2018-06-07,20,13,33
"3776",2018-06-07,19,15,34
"3777",2018-06-07,19,17,36
"3778",2018-06-07,19,16,35
"3779",2018-06-07,24,13,37
"3780",2018-06-07,33,9,42
"3781",2018-06-07,41,9,50
"3782",2018-06-07,47,8,55
"3783",2018-06-07,50,7,57
"3784",2018-06-07,50,9,59
"3785",2018-06-07,54,7,61
"3786",2018-06-07,51,9,60
"3787",2018-06-07,53,8,61
"3788",2018-06-07,44,17,61
"3789",2018-06-07,31,25,56
"3790",2018-06-07,20,30,50
"3791",2018-06-07,32,17,49
"3792",2018-06-07,28,20,48
"3793",2018-06-08,28,17,45
"3794",2018-06-08,39,7,46
"3795",2018-06-08,39,5,44
"3796",2018-06-08,37,7,44
"3797",2018-06-08,37,5,42
"3798",2018-06-08,31,8,39
"3799",2018-06-08,22,14,36
"3800",2018-06-08,20,13,33
"3801",2018-06-08,25,5,30
"3802",2018-06-08,26,4,30
"3803",2018-06-08,26,5,31
"3804",2018-06-08,29,6,35
"3805",2018-06-08,31,7,38
"3806",2018-06-08,31,6,37
"3807",2018-06-08,31,7,38
"3808",2018-06-08,30,8,38
"3809",2018-06-08,25,17,42
"3810",2018-06-08,30,13,43
"3811",2018-06-08,28,15,43
"3812",2018-06-08,26,17,43
"3813",2018-06-08,28,13,41
"3814",2018-06-08,29,14,43
"3815",2018-06-08,22,13,35
"3816",2018-06-08,19,12,31
"3817",2018-06-09,16,14,30
"3818",2018-06-09,12,17,29
"3819",2018-06-09,13,16,29
"3820",2018-06-09,23,7,30
"3821",2018-06-09,23,7,30
"3822",2018-06-09,19,11,30
"3823",2018-06-09,19,12,31
"3824",2018-06-09,19,12,31
"3825",2018-06-09,13,21,34
"3826",2018-06-09,13,23,36
"3827",2018-06-09,27,10,37
"3828",2018-06-09,27,12,39
"3829",2018-06-09,30,10,40
"3830",2018-06-09,31,7,38
"3831",2018-06-09,29,9,38
"3832",2018-06-09,40,6,46
"3833",2018-06-09,43,7,50
"3834",2018-06-09,37,13,50
"3835",2018-06-09,39,12,51
"3836",2018-06-09,37,12,49
"3837",2018-06-09,17,25,42
"3838",2018-06-09,12,32,44
"3839",2018-06-09,4,41,45
"3840",2018-06-09,3,40,43
"3841",2018-06-10,2,39,41
"3842",2018-06-10,3,36,39
"3843",2018-06-10,8,26,34
"3844",2018-06-10,NA,NA,NA
"3845",2018-06-10,25,6,31
"3846",2018-06-10,27,4,31
"3847",2018-06-10,29,4,33
"3848",2018-06-10,32,3,35
"3849",2018-06-10,36,3,39
"3850",2018-06-10,37,3,40
"3851",2018-06-10,39,3,42
"3852",2018-06-10,40,3,43
"3853",2018-06-10,40,2,42
"3854",2018-06-10,39,2,41
"3855",2018-06-10,40,3,43
"3856",2018-06-10,41,3,44
"3857",2018-06-10,43,4,47
"3858",2018-06-10,42,4,46
"3859",2018-06-10,41,5,46
"3860",2018-06-10,40,5,45
"3861",2018-06-10,39,6,45
"3862",2018-06-10,36,9,45
"3863",2018-06-10,34,9,43
"3864",2018-06-10,34,9,43
"3865",2018-06-11,37,7,44
"3866",2018-06-11,35,8,43
"3867",2018-06-11,33,8,41
"3868",2018-06-11,31,7,38
"3869",2018-06-11,31,7,38
"3870",2018-06-11,29,10,39
"3871",2018-06-11,22,18,40
"3872",2018-06-11,28,16,44
"3873",2018-06-11,39,6,45
"3874",2018-06-11,42,4,46
"3875",2018-06-11,42,4,46
"3876",2018-06-11,42,4,46
"3877",2018-06-11,42,6,48
"3878",2018-06-11,42,8,50
"3879",2018-06-11,44,7,51
"3880",2018-06-11,42,9,51
"3881",2018-06-11,39,9,48
"3882",2018-06-11,38,6,44
"3883",2018-06-11,39,5,44
"3884",2018-06-11,42,7,49
"3885",2018-06-11,38,10,48
"3886",2018-06-11,32,15,47
"3887",2018-06-11,31,13,44
"3888",2018-06-11,34,11,45
"3889",2018-06-12,39,7,46
"3890",2018-06-12,33,12,45
"3891",2018-06-12,31,13,44
"3892",2018-06-12,33,10,43
"3893",2018-06-12,30,12,42
"3894",2018-06-12,24,18,42
"3895",2018-06-12,15,28,43
"3896",2018-06-12,15,30,45
"3897",2018-06-12,28,19,47
"3898",2018-06-12,32,17,49
"3899",2018-06-12,31,18,49
"3900",2018-06-12,41,8,49
"3901",2018-06-12,43,7,50
"3902",2018-06-12,45,8,53
"3903",2018-06-12,46,8,54
"3904",2018-06-12,44,12,56
"3905",2018-06-12,42,16,58
"3906",2018-06-12,45,14,59
"3907",2018-06-12,45,18,63
"3908",2018-06-12,45,15,60
"3909",2018-06-12,49,11,60
"3910",2018-06-12,46,12,58
"3911",2018-06-12,39,17,56
"3912",2018-06-12,34,18,52
"3913",2018-06-13,41,9,50
"3914",2018-06-13,41,5,46
"3915",2018-06-13,37,7,44
"3916",2018-06-13,32,11,43
"3917",2018-06-13,29,12,41
"3918",2018-06-13,25,16,41
"3919",2018-06-13,15,26,41
"3920",2018-06-13,14,20,34
"3921",2018-06-13,12,23,35
"3922",2018-06-13,15,19,34
"3923",2018-06-13,14,24,38
"3924",2018-06-13,25,18,43
"3925",2018-06-13,44,11,55
"3926",2018-06-13,53,8,61
"3927",2018-06-13,53,9,62
"3928",2018-06-13,51,7,58
"3929",2018-06-13,48,5,53
"3930",2018-06-13,51,3,54
"3931",2018-06-13,48,3,51
"3932",2018-06-13,43,4,47
"3933",2018-06-13,39,3,42
"3934",2018-06-13,39,3,42
"3935",2018-06-13,39,4,43
"3936",2018-06-13,38,4,42
"3937",2018-06-14,36,5,41
"3938",2018-06-14,34,4,38
"3939",2018-06-14,34,4,38
"3940",2018-06-14,34,4,38
"3941",2018-06-14,33,6,39
"3942",2018-06-14,31,8,39
"3943",2018-06-14,29,9,38
"3944",2018-06-14,33,6,39
"3945",2018-06-14,35,5,40
"3946",2018-06-14,37,4,41
"3947",2018-06-14,35,4,39
"3948",2018-06-14,35,3,38
"3949",2018-06-14,34,4,38
"3950",2018-06-14,34,4,38
"3951",2018-06-14,35,4,39
"3952",2018-06-14,34,4,38
"3953",2018-06-14,38,4,42
"3954",2018-06-14,40,4,44
"3955",2018-06-14,41,4,45
"3956",2018-06-14,37,5,42
"3957",2018-06-14,31,8,39
"3958",2018-06-14,25,11,36
"3959",2018-06-14,19,15,34
"3960",2018-06-14,22,16,38
"3961",2018-06-15,22,14,36
"3962",2018-06-15,22,9,31
"3963",2018-06-15,18,12,30
"3964",2018-06-15,14,16,30
"3965",2018-06-15,7,24,31
"3966",2018-06-15,5,27,32
"3967",2018-06-15,5,29,34
"3968",2018-06-15,10,27,37
"3969",2018-06-15,13,27,40
"3970",2018-06-15,19,23,42
"3971",2018-06-15,26,17,43
"3972",2018-06-15,29,12,41
"3973",2018-06-15,25,10,35
"3974",2018-06-15,25,12,37
"3975",2018-06-15,26,10,36
"3976",2018-06-15,37,7,44
"3977",2018-06-15,53,11,64
"3978",2018-06-15,44,20,64
"3979",2018-06-15,54,21,75
"3980",2018-06-15,56,15,71
"3981",2018-06-15,40,8,48
"3982",2018-06-15,33,7,40
"3983",2018-06-15,25,12,37
"3984",2018-06-15,19,17,36
"3985",2018-06-16,20,16,36
"3986",2018-06-16,19,15,34
"3987",2018-06-16,21,12,33
"3988",2018-06-16,22,10,32
"3989",2018-06-16,16,14,30
"3990",2018-06-16,13,19,32
"3991",2018-06-16,9,24,33
"3992",2018-06-16,13,21,34
"3993",2018-06-16,20,20,40
"3994",2018-06-16,20,22,42
"3995",2018-06-16,32,17,49
"3996",2018-06-16,42,13,55
"3997",2018-06-16,56,7,63
"3998",2018-06-16,61,9,70
"3999",2018-06-16,64,7,71
"4000",2018-06-16,68,7,75
"4001",2018-06-16,65,6,71
"4002",2018-06-16,62,7,69
"4003",2018-06-16,58,10,68
"4004",2018-06-16,57,10,67
"4005",2018-06-16,54,11,65
"4006",2018-06-16,53,11,64
"4007",2018-06-16,51,12,63
"4008",2018-06-16,49,12,61
"4009",2018-06-17,40,17,57
"4010",2018-06-17,27,21,48
"4011",2018-06-17,23,22,45
"4012",2018-06-17,NA,NA,NA
"4013",2018-06-17,10,31,41
"4014",2018-06-17,18,23,41
"4015",2018-06-17,24,23,47
"4016",2018-06-17,24,29,53
"4017",2018-06-17,37,25,62
"4018",2018-06-17,51,18,69
"4019",2018-06-17,62,10,72
"4020",2018-06-17,66,10,76
"4021",2018-06-17,67,7,74
"4022",2018-06-17,67,8,75
"4023",2018-06-17,65,9,74
"4024",2018-06-17,62,10,72
"4025",2018-06-17,64,7,71
"4026",2018-06-17,65,5,70
"4027",2018-06-17,63,5,68
"4028",2018-06-17,62,4,66
"4029",2018-06-17,60,5,65
"4030",2018-06-17,55,7,62
"4031",2018-06-17,49,10,59
"4032",2018-06-17,48,10,58
"4033",2018-06-18,50,8,58
"4034",2018-06-18,49,8,57
"4035",2018-06-18,49,7,56
"4036",2018-06-18,48,8,56
"4037",2018-06-18,47,9,56
"4038",2018-06-18,42,12,54
"4039",2018-06-18,34,18,52
"4040",2018-06-18,30,22,52
"4041",2018-06-18,43,8,51
"4042",2018-06-18,48,6,54
"4043",2018-06-18,50,5,55
"4044",2018-06-18,38,5,43
"4045",2018-06-18,39,7,46
"4046",2018-06-18,37,8,45
"4047",2018-06-18,38,11,49
"4048",2018-06-18,34,6,40
"4049",2018-06-18,30,10,40
"4050",2018-06-18,30,11,41
"4051",2018-06-18,26,15,41
"4052",2018-06-18,32,4,36
"4053",2018-06-18,34,4,38
"4054",2018-06-18,32,4,36
"4055",2018-06-18,28,3,31
"4056",2018-06-18,26,2,28
"4057",2018-06-19,25,3,28
"4058",2018-06-19,23,2,25
"4059",2018-06-19,22,3,25
"4060",2018-06-19,21,3,24
"4061",2018-06-19,19,3,22
"4062",2018-06-19,16,5,21
"4063",2018-06-19,14,7,21
"4064",2018-06-19,15,7,22
"4065",2018-06-19,20,6,26
"4066",2018-06-19,31,7,38
"4067",2018-06-19,NA,NA,NA
"4068",2018-06-19,35,8,43
"4069",2018-06-19,34,10,44
"4070",2018-06-19,33,11,44
"4071",2018-06-19,34,11,45
"4072",2018-06-19,36,11,47
"4073",2018-06-19,33,15,48
"4074",2018-06-19,36,12,48
"4075",2018-06-19,37,14,51
"4076",2018-06-19,34,16,50
"4077",2018-06-19,33,17,50
"4078",2018-06-19,39,10,49
"4079",2018-06-19,34,14,48
"4080",2018-06-19,29,16,45
"4081",2018-06-20,21,21,42
"4082",2018-06-20,11,25,36
"4083",2018-06-20,15,15,30
"4084",2018-06-20,18,8,26
"4085",2018-06-20,19,9,28
"4086",2018-06-20,17,12,29
"4087",2018-06-20,11,20,31
"4088",2018-06-20,9,24,33
"4089",2018-06-20,8,27,35
"4090",2018-06-20,6,30,36
"4091",2018-06-20,7,33,40
"4092",2018-06-20,15,29,44
"4093",2018-06-20,25,25,50
"4094",2018-06-20,41,17,58
"4095",2018-06-20,41,14,55
"4096",2018-06-20,43,12,55
"4097",2018-06-20,46,12,58
"4098",2018-06-20,48,10,58
"4099",2018-06-20,51,11,62
"4100",2018-06-20,43,8,51
"4101",2018-06-20,42,8,50
"4102",2018-06-20,37,15,52
"4103",2018-06-20,27,24,51
"4104",2018-06-20,22,28,50
"4105",2018-06-21,19,16,35
"4106",2018-06-21,22,8,30
"4107",2018-06-21,25,5,30
"4108",2018-06-21,22,5,27
"4109",2018-06-21,19,6,25
"4110",2018-06-21,15,8,23
"4111",2018-06-21,14,12,26
"4112",2018-06-21,19,9,28
"4113",2018-06-21,22,8,30
"4114",2018-06-21,26,7,33
"4115",2018-06-21,28,8,36
"4116",2018-06-21,29,9,38
"4117",2018-06-21,32,7,39
"4118",2018-06-21,31,7,38
"4119",2018-06-21,29,7,36
"4120",2018-06-21,31,7,38
"4121",2018-06-21,35,5,40
"4122",2018-06-21,34,6,40
"4123",2018-06-21,35,6,41
"4124",2018-06-21,34,7,41
"4125",2018-06-21,32,9,41
"4126",2018-06-21,28,12,40
"4127",2018-06-21,26,13,39
"4128",2018-06-21,25,13,38
"4129",2018-06-22,27,10,37
"4130",2018-06-22,31,7,38
"4131",2018-06-22,32,6,38
"4132",2018-06-22,32,5,37
"4133",2018-06-22,30,6,36
"4134",2018-06-22,25,11,36
"4135",2018-06-22,23,12,35
"4136",2018-06-22,26,10,36
"4137",2018-06-22,31,8,39
"4138",2018-06-22,33,8,41
"4139",2018-06-22,35,7,42
"4140",2018-06-22,36,7,43
"4141",2018-06-22,38,8,46
"4142",2018-06-22,43,6,49
"4143",2018-06-22,44,7,51
"4144",2018-06-22,45,6,51
"4145",2018-06-22,44,7,51
"4146",2018-06-22,44,8,52
"4147",2018-06-22,44,8,52
"4148",2018-06-22,44,8,52
"4149",2018-06-22,42,7,49
"4150",2018-06-22,39,9,48
"4151",2018-06-22,34,10,44
"4152",2018-06-22,30,11,41
"4153",2018-06-23,29,10,39
"4154",2018-06-23,30,8,38
"4155",2018-06-23,32,6,38
"4156",2018-06-23,32,6,38
"4157",2018-06-23,31,6,37
"4158",2018-06-23,32,6,38
"4159",2018-06-23,30,6,36
"4160",2018-06-23,29,7,36
"4161",2018-06-23,27,7,34
"4162",2018-06-23,25,9,34
"4163",2018-06-23,26,9,35
"4164",2018-06-23,26,10,36
"4165",2018-06-23,28,7,35
"4166",2018-06-23,28,9,37
"4167",2018-06-23,28,8,36
"4168",2018-06-23,27,9,36
"4169",2018-06-23,28,8,36
"4170",2018-06-23,30,7,37
"4171",2018-06-23,29,8,37
"4172",2018-06-23,27,9,36
"4173",2018-06-23,26,9,35
"4174",2018-06-23,26,8,34
"4175",2018-06-23,26,7,33
"4176",2018-06-23,25,8,33
"4177",2018-06-24,23,9,32
"4178",2018-06-24,25,7,32
"4179",2018-06-24,23,7,30
"4180",2018-06-24,NA,NA,NA
"4181",2018-06-24,19,7,26
"4182",2018-06-24,18,7,25
"4183",2018-06-24,17,7,24
"4184",2018-06-24,17,7,24
"4185",2018-06-24,14,9,23
"4186",2018-06-24,16,8,24
"4187",2018-06-24,13,10,23
"4188",2018-06-24,15,10,25
"4189",2018-06-24,19,8,27
"4190",2018-06-24,21,7,28
"4191",2018-06-24,22,7,29
"4192",2018-06-24,23,8,31
"4193",2018-06-24,26,5,31
"4194",2018-06-24,25,7,32
"4195",2018-06-24,27,5,32
"4196",2018-06-24,26,5,31
"4197",2018-06-24,21,5,26
"4198",2018-06-24,16,4,20
"4199",2018-06-24,14,4,18
"4200",2018-06-24,14,4,18
"4201",2018-06-25,15,3,18
"4202",2018-06-25,17,3,20
"4203",2018-06-25,13,4,17
"4204",2018-06-25,13,5,18
"4205",2018-06-25,17,3,20
"4206",2018-06-25,17,5,22
"4207",2018-06-25,16,8,24
"4208",2018-06-25,17,9,26
"4209",2018-06-25,20,9,29
"4210",2018-06-25,23,7,30
"4211",2018-06-25,29,5,34
"4212",2018-06-25,33,4,37
"4213",2018-06-25,38,3,41
"4214",2018-06-25,39,6,45
"4215",2018-06-25,36,11,47
"4216",2018-06-25,37,10,47
"4217",2018-06-25,36,8,44
"4218",2018-06-25,39,5,44
"4219",2018-06-25,40,5,45
"4220",2018-06-25,40,7,47
"4221",2018-06-25,39,8,47
"4222",2018-06-25,32,16,48
"4223",2018-06-25,20,29,49
"4224",2018-06-25,20,16,36
"4225",2018-06-26,22,10,32
"4226",2018-06-26,19,12,31
"4227",2018-06-26,18,12,30
"4228",2018-06-26,16,13,29
"4229",2018-06-26,19,11,30
"4230",2018-06-26,14,16,30
"4231",2018-06-26,11,20,31
"4232",2018-06-26,14,22,36
"4233",2018-06-26,23,15,38
"4234",2018-06-26,29,10,39
"4235",2018-06-26,33,8,41
"4236",2018-06-26,36,6,42
"4237",2018-06-26,38,7,45
"4238",2018-06-26,40,6,46
"4239",2018-06-26,39,7,46
"4240",2018-06-26,43,6,49
"4241",2018-06-26,41,6,47
"4242",2018-06-26,40,6,46
"4243",2018-06-26,36,7,43
"4244",2018-06-26,37,7,44
"4245",2018-06-26,38,7,45
"4246",2018-06-26,40,6,46
"4247",2018-06-26,41,5,46
"4248",2018-06-26,40,4,44
"4249",2018-06-27,37,4,41
"4250",2018-06-27,35,4,39
"4251",2018-06-27,32,5,37
"4252",2018-06-27,28,7,35
"4253",2018-06-27,25,10,35
"4254",2018-06-27,23,9,32
"4255",2018-06-27,19,15,34
"4256",2018-06-27,21,17,38
"4257",2018-06-27,19,21,40
"4258",2018-06-27,25,15,40
"4259",2018-06-27,27,13,40
"4260",2018-06-27,28,10,38
"4261",2018-06-27,29,12,41
"4262",2018-06-27,30,11,41
"4263",2018-06-27,30,10,40
"4264",2018-06-27,29,11,40
"4265",2018-06-27,28,12,40
"4266",2018-06-27,28,10,38
"4267",2018-06-27,25,12,37
"4268",2018-06-27,21,14,35
"4269",2018-06-27,19,15,34
"4270",2018-06-27,22,12,34
"4271",2018-06-27,22,10,32
"4272",2018-06-27,21,9,30
"4273",2018-06-28,18,10,28
"4274",2018-06-28,16,9,25
"4275",2018-06-28,12,12,24
"4276",2018-06-28,6,17,23
"4277",2018-06-28,5,18,23
"4278",2018-06-28,2,22,24
"4279",2018-06-28,4,22,26
"4280",2018-06-28,5,23,28
"4281",2018-06-28,15,16,31
"4282",2018-06-28,25,7,32
"4283",2018-06-28,31,6,37
"4284",2018-06-28,43,6,49
"4285",2018-06-28,51,6,57
"4286",2018-06-28,51,12,63
"4287",2018-06-28,61,11,72
"4288",2018-06-28,63,11,74
"4289",2018-06-28,60,9,69
"4290",2018-06-28,52,13,65
"4291",2018-06-28,51,4,55
"4292",2018-06-28,48,4,52
"4293",2018-06-28,42,8,50
"4294",2018-06-28,39,10,49
"4295",2018-06-28,29,19,48
"4296",2018-06-28,31,14,45
"4297",2018-06-29,33,12,45
"4298",2018-06-29,27,15,42
"4299",2018-06-29,30,12,42
"4300",2018-06-29,26,13,39
"4301",2018-06-29,31,10,41
"4302",2018-06-29,31,12,43
"4303",2018-06-29,25,20,45
"4304",2018-06-29,25,25,50
"4305",2018-06-29,36,17,53
"4306",2018-06-29,43,15,58
"4307",2018-06-29,42,22,64
"4308",2018-06-29,51,22,73
"4309",2018-06-29,65,15,80
"4310",2018-06-29,71,9,80
"4311",2018-06-29,69,8,77
"4312",2018-06-29,66,10,76
"4313",2018-06-29,74,8,82
"4314",2018-06-29,60,7,67
"4315",2018-06-29,56,6,62
"4316",2018-06-29,55,6,61
"4317",2018-06-29,54,7,61
"4318",2018-06-29,51,8,59
"4319",2018-06-29,49,9,58
"4320",2018-06-29,50,8,58
"4321",2018-06-30,50,6,56
"4322",2018-06-30,49,6,55
"4323",2018-06-30,48,7,55
"4324",2018-06-30,42,11,53
"4325",2018-06-30,36,15,51
"4326",2018-06-30,43,11,54
"4327",2018-06-30,37,14,51
"4328",2018-06-30,38,16,54
"4329",2018-06-30,45,9,54
"4330",2018-06-30,48,10,58
"4331",2018-06-30,56,9,65
"4332",2018-06-30,59,5,64
"4333",2018-06-30,60,5,65
"4334",2018-06-30,61,4,65
"4335",2018-06-30,62,4,66
"4336",2018-06-30,62,4,66
"4337",2018-06-30,63,4,67
"4338",2018-06-30,59,4,63
"4339",2018-06-30,57,5,62
"4340",2018-06-30,53,7,60
"4341",2018-06-30,50,7,57
"4342",2018-06-30,47,7,54
"4343",2018-06-30,41,11,52
"4344",2018-06-30,50,6,56
"4345",2018-07-01,46,8,54
"4346",2018-07-01,46,6,52
"4347",2018-07-01,36,13,49
"4348",2018-07-01,NA,NA,NA
"4349",2018-07-01,46,7,53
"4350",2018-07-01,46,7,53
"4351",2018-07-01,47,6,53
"4352",2018-07-01,46,8,54
"4353",2018-07-01,46,10,56
"4354",2018-07-01,51,8,59
"4355",2018-07-01,59,8,67
"4356",2018-07-01,66,6,72
"4357",2018-07-01,65,6,71
"4358",2018-07-01,61,6,67
"4359",2018-07-01,66,4,70
"4360",2018-07-01,61,4,65
"4361",2018-07-01,65,4,69
"4362",2018-07-01,61,4,65
"4363",2018-07-01,57,4,61
"4364",2018-07-01,56,6,62
"4365",2018-07-01,52,7,59
"4366",2018-07-01,49,7,56
"4367",2018-07-01,48,7,55
"4368",2018-07-01,52,5,57
"4369",2018-07-02,51,5,56
"4370",2018-07-02,52,4,56
"4371",2018-07-02,49,4,53
"4372",2018-07-02,42,6,48
"4373",2018-07-02,36,7,43
"4374",2018-07-02,35,7,42
"4375",2018-07-02,36,6,42
"4376",2018-07-02,38,7,45
"4377",2018-07-02,43,7,50
"4378",2018-07-02,51,5,56
"4379",2018-07-02,58,5,63
"4380",2018-07-02,61,5,66
"4381",2018-07-02,60,4,64
"4382",2018-07-02,61,5,66
"4383",2018-07-02,55,4,59
"4384",2018-07-02,48,4,52
"4385",2018-07-02,49,6,55
"4386",2018-07-02,43,9,52
"4387",2018-07-02,39,6,45
"4388",2018-07-02,37,3,40
"4389",2018-07-02,34,4,38
"4390",2018-07-02,33,4,37
"4391",2018-07-02,33,4,37
"4392",2018-07-02,31,5,36
"4393",2018-07-03,31,5,36
"4394",2018-07-03,22,12,34
"4395",2018-07-03,18,14,32
"4396",2018-07-03,19,12,31
"4397",2018-07-03,18,12,30
"4398",2018-07-03,12,18,30
"4399",2018-07-03,15,22,37
"4400",2018-07-03,20,22,42
"4401",2018-07-03,25,22,47
"4402",2018-07-03,34,17,51
"4403",2018-07-03,42,12,54
"4404",2018-07-03,49,9,58
"4405",2018-07-03,55,7,62
"4406",2018-07-03,46,8,54
"4407",2018-07-03,38,6,44
"4408",2018-07-03,34,9,43
"4409",2018-07-03,33,10,43
"4410",2018-07-03,35,9,44
"4411",2018-07-03,35,8,43
"4412",2018-07-03,35,6,41
"4413",2018-07-03,33,7,40
"4414",2018-07-03,32,8,40
"4415",2018-07-03,32,8,40
"4416",2018-07-03,30,9,39
"4417",2018-07-04,31,8,39
"4418",2018-07-04,31,7,38
"4419",2018-07-04,25,12,37
"4420",2018-07-04,21,16,37
"4421",2018-07-04,24,14,38
"4422",2018-07-04,19,20,39
"4423",2018-07-04,13,27,40
"4424",2018-07-04,27,16,43
"4425",2018-07-04,36,9,45
"4426",2018-07-04,40,7,47
"4427",2018-07-04,45,5,50
"4428",2018-07-04,46,7,53
"4429",2018-07-04,47,6,53
"4430",2018-07-04,48,6,54
"4431",2018-07-04,51,6,57
"4432",2018-07-04,50,7,57
"4433",2018-07-04,39,14,53
"4434",2018-07-04,42,8,50
"4435",2018-07-04,36,15,51
"4436",2018-07-04,29,20,49
"4437",2018-07-04,33,15,48
"4438",2018-07-04,38,11,49
"4439",2018-07-04,25,22,47
"4440",2018-07-04,19,24,43
"4441",2018-07-05,19,23,42
"4442",2018-07-05,8,33,41
"4443",2018-07-05,6,34,40
"4444",2018-07-05,6,33,39
"4445",2018-07-05,3,35,38
"4446",2018-07-05,4,38,42
"4447",2018-07-05,6,36,42
"4448",2018-07-05,26,20,46
"4449",2018-07-05,28,25,53
"4450",2018-07-05,42,15,57
"4451",2018-07-05,46,18,64
"4452",2018-07-05,63,11,74
"4453",2018-07-05,63,6,69
"4454",2018-07-05,55,10,65
"4455",2018-07-05,53,7,60
"4456",2018-07-05,50,7,57
"4457",2018-07-05,47,7,54
"4458",2018-07-05,48,6,54
"4459",2018-07-05,44,8,52
"4460",2018-07-05,41,5,46
"4461",2018-07-05,40,7,47
"4462",2018-07-05,37,8,45
"4463",2018-07-05,26,16,42
"4464",2018-07-05,31,6,37
"4465",2018-07-06,35,4,39
"4466",2018-07-06,37,2,39
"4467",2018-07-06,33,2,35
"4468",2018-07-06,29,3,32
"4469",2018-07-06,26,4,30
"4470",2018-07-06,24,6,30
"4471",2018-07-06,23,9,32
"4472",2018-07-06,27,6,33
"4473",2018-07-06,28,4,32
"4474",2018-07-06,30,4,34
"4475",2018-07-06,32,4,36
"4476",2018-07-06,33,4,37
"4477",2018-07-06,34,4,38
"4478",2018-07-06,34,4,38
"4479",2018-07-06,34,3,37
"4480",2018-07-06,34,3,37
"4481",2018-07-06,34,3,37
"4482",2018-07-06,33,3,36
"4483",2018-07-06,33,3,36
"4484",2018-07-06,33,3,36
"4485",2018-07-06,31,5,36
"4486",2018-07-06,29,6,35
"4487",2018-07-06,30,5,35
"4488",2018-07-06,27,6,33
"4489",2018-07-07,29,5,34
"4490",2018-07-07,29,3,32
"4491",2018-07-07,28,5,33
"4492",2018-07-07,26,5,31
"4493",2018-07-07,23,7,30
"4494",2018-07-07,23,8,31
"4495",2018-07-07,25,7,32
"4496",2018-07-07,19,16,35
"4497",2018-07-07,23,12,35
"4498",2018-07-07,26,12,38
"4499",2018-07-07,32,9,41
"4500",2018-07-07,35,7,42
"4501",2018-07-07,36,5,41
"4502",2018-07-07,34,4,38
"4503",2018-07-07,37,4,41
"4504",2018-07-07,35,5,40
"4505",2018-07-07,31,7,38
"4506",2018-07-07,34,8,42
"4507",2018-07-07,37,5,42
"4508",2018-07-07,38,5,43
"4509",2018-07-07,36,5,41
"4510",2018-07-07,33,8,41
"4511",2018-07-07,33,8,41
"4512",2018-07-07,30,8,38
"4513",2018-07-08,28,9,37
"4514",2018-07-08,31,6,37
"4515",2018-07-08,28,8,36
"4516",2018-07-08,NA,NA,NA
"4517",2018-07-08,18,11,29
"4518",2018-07-08,21,10,31
"4519",2018-07-08,25,9,34
"4520",2018-07-08,27,12,39
"4521",2018-07-08,34,6,40
"4522",2018-07-08,35,9,44
"4523",2018-07-08,42,8,50
"4524",2018-07-08,49,8,57
"4525",2018-07-08,53,5,58
"4526",2018-07-08,54,4,58
"4527",2018-07-08,54,5,59
"4528",2018-07-08,50,5,55
"4529",2018-07-08,52,5,57
"4530",2018-07-08,46,6,52
"4531",2018-07-08,43,5,48
"4532",2018-07-08,44,5,49
"4533",2018-07-08,44,5,49
"4534",2018-07-08,41,8,49
"4535",2018-07-08,34,12,46
"4536",2018-07-08,31,13,44
"4537",2018-07-09,36,7,43
"4538",2018-07-09,33,10,43
"4539",2018-07-09,32,11,43
"4540",2018-07-09,32,9,41
"4541",2018-07-09,29,13,42
"4542",2018-07-09,28,17,45
"4543",2018-07-09,21,28,49
"4544",2018-07-09,23,28,51
"4545",2018-07-09,26,26,52
"4546",2018-07-09,37,19,56
"4547",2018-07-09,50,16,66
"4548",2018-07-09,61,14,75
"4549",2018-07-09,69,8,77
"4550",2018-07-09,70,7,77
"4551",2018-07-09,72,6,78
"4552",2018-07-09,74,6,80
"4553",2018-07-09,72,6,78
"4554",2018-07-09,72,7,79
"4555",2018-07-09,64,7,71
"4556",2018-07-09,62,7,69
"4557",2018-07-09,58,9,67
"4558",2018-07-09,57,9,66
"4559",2018-07-09,58,8,66
"4560",2018-07-09,55,10,65
"4561",2018-07-10,51,11,62
"4562",2018-07-10,51,7,58
"4563",2018-07-10,48,9,57
"4564",2018-07-10,49,6,55
"4565",2018-07-10,45,7,52
"4566",2018-07-10,37,10,47
"4567",2018-07-10,30,12,42
"4568",2018-07-10,30,9,39
"4569",2018-07-10,30,8,38
"4570",2018-07-10,34,7,41
"4571",2018-07-10,37,5,42
"4572",2018-07-10,38,4,42
"4573",2018-07-10,38,4,42
"4574",2018-07-10,36,4,40
"4575",2018-07-10,35,4,39
"4576",2018-07-10,35,4,39
"4577",2018-07-10,33,4,37
"4578",2018-07-10,32,4,36
"4579",2018-07-10,29,4,33
"4580",2018-07-10,28,3,31
"4581",2018-07-10,27,4,31
"4582",2018-07-10,26,5,31
"4583",2018-07-10,25,4,29
"4584",2018-07-10,24,3,27
"4585",2018-07-11,23,3,26
"4586",2018-07-11,23,4,27
"4587",2018-07-11,22,4,26
"4588",2018-07-11,20,6,26
"4589",2018-07-11,16,10,26
"4590",2018-07-11,15,12,27
"4591",2018-07-11,14,15,29
"4592",2018-07-11,15,14,29
"4593",2018-07-11,22,9,31
"4594",2018-07-11,26,9,35
"4595",2018-07-11,25,10,35
"4596",2018-07-11,29,8,37
"4597",2018-07-11,33,7,40
"4598",2018-07-11,32,8,40
"4599",2018-07-11,32,7,39
"4600",2018-07-11,34,7,41
"4601",2018-07-11,35,6,41
"4602",2018-07-11,37,8,45
"4603",2018-07-11,43,6,49
"4604",2018-07-11,47,6,53
"4605",2018-07-11,42,7,49
"4606",2018-07-11,27,14,41
"4607",2018-07-11,24,6,30
"4608",2018-07-11,26,4,30
"4609",2018-07-12,22,7,29
"4610",2018-07-12,21,8,29
"4611",2018-07-12,23,6,29
"4612",2018-07-12,19,9,28
"4613",2018-07-12,10,17,27
"4614",2018-07-12,9,19,28
"4615",2018-07-12,7,23,30
"4616",2018-07-12,9,25,34
"4617",2018-07-12,16,24,40
"4618",2018-07-12,20,24,44
"4619",2018-07-12,24,27,51
"4620",2018-07-12,38,16,54
"4621",2018-07-12,35,9,44
"4622",2018-07-12,31,9,40
"4623",2018-07-12,34,7,41
"4624",2018-07-12,45,7,52
"4625",2018-07-12,33,6,39
"4626",2018-07-12,30,6,36
"4627",2018-07-12,31,13,44
"4628",2018-07-12,36,18,54
"4629",2018-07-12,32,19,51
"4630",2018-07-12,28,11,39
"4631",2018-07-12,31,9,40
"4632",2018-07-12,28,10,38
"4633",2018-07-13,26,12,38
"4634",2018-07-13,24,12,36
"4635",2018-07-13,17,20,37
"4636",2018-07-13,12,25,37
"4637",2018-07-13,21,13,34
"4638",2018-07-13,21,12,33
"4639",2018-07-13,15,18,33
"4640",2018-07-13,12,25,37
"4641",2018-07-13,19,26,45
"4642",2018-07-13,42,12,54
"4643",2018-07-13,46,12,58
"4644",2018-07-13,48,7,55
"4645",2018-07-13,50,7,57
"4646",2018-07-13,50,6,56
"4647",2018-07-13,45,10,55
"4648",2018-07-13,42,13,55
"4649",2018-07-13,45,8,53
"4650",2018-07-13,42,8,50
"4651",2018-07-13,44,12,56
"4652",2018-07-13,45,16,61
"4653",2018-07-13,43,14,57
"4654",2018-07-13,43,13,56
"4655",2018-07-13,45,11,56
"4656",2018-07-13,43,9,52
"4657",2018-07-14,41,9,50
"4658",2018-07-14,41,12,53
"4659",2018-07-14,43,13,56
"4660",2018-07-14,52,8,60
"4661",2018-07-14,46,11,57
"4662",2018-07-14,44,13,57
"4663",2018-07-14,45,13,58
"4664",2018-07-14,40,18,58
"4665",2018-07-14,48,13,61
"4666",2018-07-14,48,14,62
"4667",2018-07-14,53,16,69
"4668",2018-07-14,56,15,71
"4669",2018-07-14,55,13,68
"4670",2018-07-14,50,21,71
"4671",2018-07-14,48,24,72
"4672",2018-07-14,59,16,75
"4673",2018-07-14,62,8,70
"4674",2018-07-14,57,9,66
"4675",2018-07-14,52,7,59
"4676",2018-07-14,45,13,58
"4677",2018-07-14,43,14,57
"4678",2018-07-14,45,12,57
"4679",2018-07-14,40,13,53
"4680",2018-07-14,37,13,50
"4681",2018-07-15,34,12,46
"4682",2018-07-15,31,12,43
"4683",2018-07-15,28,13,41
"4684",2018-07-15,NA,NA,NA
"4685",2018-07-15,11,25,36
"4686",2018-07-15,16,18,34
"4687",2018-07-15,27,12,39
"4688",2018-07-15,38,8,46
"4689",2018-07-15,49,7,56
"4690",2018-07-15,53,7,60
"4691",2018-07-15,56,9,65
"4692",2018-07-15,57,6,63
"4693",2018-07-15,59,7,66
"4694",2018-07-15,61,8,69
"4695",2018-07-15,61,6,67
"4696",2018-07-15,61,8,69
"4697",2018-07-15,60,10,70
"4698",2018-07-15,58,8,66
"4699",2018-07-15,54,11,65
"4700",2018-07-15,50,15,65
"4701",2018-07-15,44,20,64
"4702",2018-07-15,41,23,64
"4703",2018-07-15,48,16,64
"4704",2018-07-15,46,16,62
"4705",2018-07-16,48,13,61
"4706",2018-07-16,50,7,57
"4707",2018-07-16,52,5,57
"4708",2018-07-16,49,5,54
"4709",2018-07-16,41,9,50
"4710",2018-07-16,33,13,46
"4711",2018-07-16,19,28,47
"4712",2018-07-16,30,24,54
"4713",2018-07-16,39,20,59
"4714",2018-07-16,47,17,64
"4715",2018-07-16,61,10,71
"4716",2018-07-16,64,8,72
"4717",2018-07-16,62,8,70
"4718",2018-07-16,55,10,65
"4719",2018-07-16,57,7,64
"4720",2018-07-16,50,10,60
"4721",2018-07-16,51,12,63
"4722",2018-07-16,49,14,63
"4723",2018-07-16,50,8,58
"4724",2018-07-16,41,14,55
"4725",2018-07-16,48,12,60
"4726",2018-07-16,39,13,52
"4727",2018-07-16,28,17,45
"4728",2018-07-16,25,19,44
"4729",2018-07-17,33,10,43
"4730",2018-07-17,29,11,40
"4731",2018-07-17,23,13,36
"4732",2018-07-17,26,7,33
"4733",2018-07-17,23,7,30
"4734",2018-07-17,19,10,29
"4735",2018-07-17,17,14,31
"4736",2018-07-17,21,12,33
"4737",2018-07-17,24,8,32
"4738",2018-07-17,26,5,31
"4739",2018-07-17,24,4,28
"4740",2018-07-17,24,4,28
"4741",2018-07-17,25,2,27
"4742",2018-07-17,25,3,28
"4743",2018-07-17,25,3,28
"4744",2018-07-17,23,3,26
"4745",2018-07-17,23,3,26
"4746",2018-07-17,21,3,24
"4747",2018-07-17,20,3,23
"4748",2018-07-17,17,3,20
"4749",2018-07-17,14,4,18
"4750",2018-07-17,13,5,18
"4751",2018-07-17,14,5,19
"4752",2018-07-17,15,4,19
"4753",2018-07-18,14,4,18
"4754",2018-07-18,14,4,18
"4755",2018-07-18,15,4,19
"4756",2018-07-18,14,4,18
"4757",2018-07-18,16,4,20
"4758",2018-07-18,14,7,21
"4759",2018-07-18,13,9,22
"4760",2018-07-18,17,9,26
"4761",2018-07-18,22,7,29
"4762",2018-07-18,25,6,31
"4763",2018-07-18,27,6,33
"4764",2018-07-18,29,5,34
"4765",2018-07-18,31,5,36
"4766",2018-07-18,33,5,38
"4767",2018-07-18,36,5,41
"4768",2018-07-18,39,5,44
"4769",2018-07-18,40,9,49
"4770",2018-07-18,47,8,55
"4771",2018-07-18,51,9,60
"4772",2018-07-18,50,10,60
"4773",2018-07-18,48,11,59
"4774",2018-07-18,44,12,56
"4775",2018-07-18,30,9,39
"4776",2018-07-18,30,7,37
"4777",2018-07-19,32,6,38
"4778",2018-07-19,29,5,34
"4779",2018-07-19,27,7,34
"4780",2018-07-19,25,7,32
"4781",2018-07-19,19,12,31
"4782",2018-07-19,15,16,31
"4783",2018-07-19,18,15,33
"4784",2018-07-19,18,17,35
"4785",2018-07-19,29,11,40
"4786",2018-07-19,22,23,45
"4787",2018-07-19,30,18,48
"4788",2018-07-19,35,15,50
"4789",2018-07-19,42,13,55
"4790",2018-07-19,50,10,60
"4791",2018-07-19,58,8,66
"4792",2018-07-19,58,10,68
"4793",2018-07-19,54,14,68
"4794",2018-07-19,62,11,73
"4795",2018-07-19,59,14,73
"4796",2018-07-19,60,14,74
"4797",2018-07-19,65,13,78
"4798",2018-07-19,60,10,70
"4799",2018-07-19,52,8,60
"4800",2018-07-19,48,9,57
"4801",2018-07-20,47,8,55
"4802",2018-07-20,46,6,52
"4803",2018-07-20,42,7,49
"4804",2018-07-20,32,11,43
"4805",2018-07-20,27,12,39
"4806",2018-07-20,22,16,38
"4807",2018-07-20,20,17,37
"4808",2018-07-20,30,11,41
"4809",2018-07-20,39,12,51
"4810",2018-07-20,46,10,56
"4811",2018-07-20,51,7,58
"4812",2018-07-20,52,6,58
"4813",2018-07-20,52,6,58
"4814",2018-07-20,54,6,60
"4815",2018-07-20,57,5,62
"4816",2018-07-20,61,6,67
"4817",2018-07-20,59,6,65
"4818",2018-07-20,57,5,62
"4819",2018-07-20,57,5,62
"4820",2018-07-20,54,6,60
"4821",2018-07-20,47,8,55
"4822",2018-07-20,44,9,53
"4823",2018-07-20,46,7,53
"4824",2018-07-20,46,6,52
"4825",2018-07-21,45,7,52
"4826",2018-07-21,46,7,53
"4827",2018-07-21,49,5,54
"4828",2018-07-21,50,6,56
"4829",2018-07-21,50,7,57
"4830",2018-07-21,54,5,59
"4831",2018-07-21,52,7,59
"4832",2018-07-21,52,6,58
"4833",2018-07-21,51,4,55
"4834",2018-07-21,50,4,54
"4835",2018-07-21,49,4,53
"4836",2018-07-21,46,4,50
"4837",2018-07-21,45,4,49
"4838",2018-07-21,45,3,48
"4839",2018-07-21,45,4,49
"4840",2018-07-21,46,3,49
"4841",2018-07-21,46,3,49
"4842",2018-07-21,45,3,48
"4843",2018-07-21,44,3,47
"4844",2018-07-21,41,4,45
"4845",2018-07-21,39,4,43
"4846",2018-07-21,39,3,42
"4847",2018-07-21,48,3,51
"4848",2018-07-21,48,2,50
"4849",2018-07-22,47,2,49
"4850",2018-07-22,46,3,49
"4851",2018-07-22,44,4,48
"4852",2018-07-22,NA,NA,NA
"4853",2018-07-22,38,5,43
"4854",2018-07-22,34,4,38
"4855",2018-07-22,31,3,34
"4856",2018-07-22,27,4,31
"4857",2018-07-22,27,4,31
"4858",2018-07-22,26,4,30
"4859",2018-07-22,25,4,29
"4860",2018-07-22,26,3,29
"4861",2018-07-22,26,4,30
"4862",2018-07-22,29,4,33
"4863",2018-07-22,32,5,37
"4864",2018-07-22,28,7,35
"4865",2018-07-22,27,7,34
"4866",2018-07-22,27,7,34
"4867",2018-07-22,28,7,35
"4868",2018-07-22,27,6,33
"4869",2018-07-22,25,8,33
"4870",2018-07-22,20,12,32
"4871",2018-07-22,18,14,32
"4872",2018-07-22,18,12,30
"4873",2018-07-23,20,10,30
"4874",2018-07-23,31,5,36
"4875",2018-07-23,29,4,33
"4876",2018-07-23,27,6,33
"4877",2018-07-23,23,7,30
"4878",2018-07-23,22,9,31
"4879",2018-07-23,19,11,30
"4880",2018-07-23,21,13,34
"4881",2018-07-23,27,8,35
"4882",2018-07-23,31,7,38
"4883",2018-07-23,31,7,38
"4884",2018-07-23,34,6,40
"4885",2018-07-23,40,6,46
"4886",2018-07-23,39,5,44
"4887",2018-07-23,35,7,42
"4888",2018-07-23,32,8,40
"4889",2018-07-23,34,7,41
"4890",2018-07-23,35,6,41
"4891",2018-07-23,37,5,42
"4892",2018-07-23,41,5,46
"4893",2018-07-23,38,5,43
"4894",2018-07-23,32,5,37
"4895",2018-07-23,33,4,37
"4896",2018-07-23,32,5,37
"4897",2018-07-24,29,5,34
"4898",2018-07-24,29,5,34
"4899",2018-07-24,27,4,31
"4900",2018-07-24,26,5,31
"4901",2018-07-24,23,6,29
"4902",2018-07-24,19,10,29
"4903",2018-07-24,14,18,32
"4904",2018-07-24,19,17,36
"4905",2018-07-24,25,14,39
"4906",2018-07-24,25,13,38
"4907",2018-07-24,30,12,42
"4908",2018-07-24,37,10,47
"4909",2018-07-24,37,10,47
"4910",2018-07-24,37,10,47
"4911",2018-07-24,40,10,50
"4912",2018-07-24,39,12,51
"4913",2018-07-24,43,10,53
"4914",2018-07-24,40,10,50
"4915",2018-07-24,39,8,47
"4916",2018-07-24,37,9,46
"4917",2018-07-24,33,14,47
"4918",2018-07-24,31,11,42
"4919",2018-07-24,30,12,42
"4920",2018-07-24,33,6,39
"4921",2018-07-25,36,5,41
"4922",2018-07-25,35,6,41
"4923",2018-07-25,32,6,38
"4924",2018-07-25,27,7,34
"4925",2018-07-25,22,8,30
"4926",2018-07-25,14,15,29
"4927",2018-07-25,18,14,32
"4928",2018-07-25,30,8,38
"4929",2018-07-25,36,7,43
"4930",2018-07-25,41,8,49
"4931",2018-07-25,42,7,49
"4932",2018-07-25,43,6,49
"4933",2018-07-25,44,5,49
"4934",2018-07-25,50,7,57
"4935",2018-07-25,55,9,64
"4936",2018-07-25,41,4,45
"4937",2018-07-25,36,4,40
"4938",2018-07-25,36,4,40
"4939",2018-07-25,34,4,38
"4940",2018-07-25,32,4,36
"4941",2018-07-25,30,4,34
"4942",2018-07-25,26,6,32
"4943",2018-07-25,21,10,31
"4944",2018-07-25,14,15,29
"4945",2018-07-26,14,15,29
"4946",2018-07-26,11,17,28
"4947",2018-07-26,9,17,26
"4948",2018-07-26,13,13,26
"4949",2018-07-26,16,11,27
"4950",2018-07-26,11,17,28
"4951",2018-07-26,6,25,31
"4952",2018-07-26,10,22,32
"4953",2018-07-26,16,20,36
"4954",2018-07-26,24,16,40
"4955",2018-07-26,37,10,47
"4956",2018-07-26,43,7,50
"4957",2018-07-26,43,6,49
"4958",2018-07-26,48,5,53
"4959",2018-07-26,50,7,57
"4960",2018-07-26,51,6,57
"4961",2018-07-26,43,13,56
"4962",2018-07-26,47,7,54
"4963",2018-07-26,52,6,58
"4964",2018-07-26,49,9,58
"4965",2018-07-26,45,9,54
"4966",2018-07-26,45,6,51
"4967",2018-07-26,44,8,52
"4968",2018-07-26,36,10,46
"4969",2018-07-27,35,9,44
"4970",2018-07-27,35,6,41
"4971",2018-07-27,33,6,39
"4972",2018-07-27,29,7,36
"4973",2018-07-27,21,12,33
"4974",2018-07-27,13,18,31
"4975",2018-07-27,11,20,31
"4976",2018-07-27,12,21,33
"4977",2018-07-27,20,15,35
"4978",2018-07-27,27,9,36
"4979",2018-07-27,30,7,37
"4980",2018-07-27,35,6,41
"4981",2018-07-27,34,6,40
"4982",2018-07-27,33,6,39
"4983",2018-07-27,36,5,41
"4984",2018-07-27,38,6,44
"4985",2018-07-27,39,5,44
"4986",2018-07-27,34,6,40
"4987",2018-07-27,35,5,40
"4988",2018-07-27,32,8,40
"4989",2018-07-27,28,10,38
"4990",2018-07-27,37,8,45
"4991",2018-07-27,38,6,44
"4992",2018-07-27,28,12,40
"4993",2018-07-28,22,15,37
"4994",2018-07-28,18,16,34
"4995",2018-07-28,20,10,30
"4996",2018-07-28,12,14,26
"4997",2018-07-28,8,15,23
"4998",2018-07-28,11,10,21
"4999",2018-07-28,10,10,20
"5000",2018-07-28,14,7,21
"5001",2018-07-28,15,8,23
"5002",2018-07-28,20,6,26
"5003",2018-07-28,23,5,28
"5004",2018-07-28,26,3,29
"5005",2018-07-28,27,3,30
"5006",2018-07-28,29,2,31
"5007",2018-07-28,29,2,31
"5008",2018-07-28,28,2,30
"5009",2018-07-28,30,2,32
"5010",2018-07-28,29,3,32
"5011",2018-07-28,29,2,31
"5012",2018-07-28,28,3,31
"5013",2018-07-28,27,3,30
"5014",2018-07-28,23,5,28
"5015",2018-07-28,16,9,25
"5016",2018-07-28,16,8,24
"5017",2018-07-29,16,8,24
"5018",2018-07-29,12,10,22
"5019",2018-07-29,9,12,21
"5020",2018-07-29,NA,NA,NA
"5021",2018-07-29,2,19,21
"5022",2018-07-29,2,18,20
"5023",2018-07-29,6,16,22
"5024",2018-07-29,13,13,26
"5025",2018-07-29,22,8,30
"5026",2018-07-29,26,7,33
"5027",2018-07-29,28,11,39
"5028",2018-07-29,39,5,44
"5029",2018-07-29,41,6,47
"5030",2018-07-29,45,7,52
"5031",2018-07-29,44,8,52
"5032",2018-07-29,39,7,46
"5033",2018-07-29,43,4,47
"5034",2018-07-29,40,5,45
"5035",2018-07-29,39,7,46
"5036",2018-07-29,35,14,49
"5037",2018-07-29,39,10,49
"5038",2018-07-29,40,9,49
"5039",2018-07-29,41,7,48
"5040",2018-07-29,41,5,46
"5041",2018-07-30,39,5,44
"5042",2018-07-30,32,8,40
"5043",2018-07-30,24,15,39
"5044",2018-07-30,28,11,39
"5045",2018-07-30,11,24,35
"5046",2018-07-30,12,24,36
"5047",2018-07-30,15,23,38
"5048",2018-07-30,18,26,44
"5049",2018-07-30,15,32,47
"5050",2018-07-30,30,19,49
"5051",2018-07-30,40,16,56
"5052",2018-07-30,42,15,57
"5053",2018-07-30,45,11,56
"5054",2018-07-30,51,7,58
"5055",2018-07-30,50,9,59
"5056",2018-07-30,49,8,57
"5057",2018-07-30,47,12,59
"5058",2018-07-30,46,13,59
"5059",2018-07-30,45,12,57
"5060",2018-07-30,45,8,53
"5061",2018-07-30,45,7,52
"5062",2018-07-30,41,8,49
"5063",2018-07-30,36,11,47
"5064",2018-07-30,36,9,45
"5065",2018-07-31,35,8,43
"5066",2018-07-31,33,8,41
"5067",2018-07-31,29,8,37
"5068",2018-07-31,20,14,34
"5069",2018-07-31,16,16,32
"5070",2018-07-31,14,19,33
"5071",2018-07-31,13,21,34
"5072",2018-07-31,16,21,37
"5073",2018-07-31,29,11,40
"5074",2018-07-31,35,6,41
"5075",2018-07-31,37,6,43
"5076",2018-07-31,37,9,46
"5077",2018-07-31,41,6,47
"5078",2018-07-31,40,6,46
"5079",2018-07-31,39,6,45
"5080",2018-07-31,41,6,47
"5081",2018-07-31,42,5,47
"5082",2018-07-31,41,6,47
"5083",2018-07-31,45,5,50
"5084",2018-07-31,46,6,52
"5085",2018-07-31,46,5,51
"5086",2018-07-31,44,4,48
"5087",2018-07-31,42,4,46
"5088",2018-07-31,36,6,42
"5089",2018-08-01,27,8,35
"5090",2018-08-01,26,5,31
"5091",2018-08-01,24,5,29
"5092",2018-08-01,24,5,29
"5093",2018-08-01,22,7,29
"5094",2018-08-01,22,9,31
"5095",2018-08-01,20,12,32
"5096",2018-08-01,23,9,32
"5097",2018-08-01,25,8,33
"5098",2018-08-01,28,6,34
"5099",2018-08-01,32,7,39
"5100",2018-08-01,38,6,44
"5101",2018-08-01,37,6,43
"5102",2018-08-01,40,6,46
"5103",2018-08-01,43,6,49
"5104",2018-08-01,45,6,51
"5105",2018-08-01,44,6,50
"5106",2018-08-01,43,5,48
"5107",2018-08-01,36,8,44
"5108",2018-08-01,34,6,40
"5109",2018-08-01,33,5,38
"5110",2018-08-01,30,8,38
"5111",2018-08-01,36,6,42
"5112",2018-08-01,39,6,45
"5113",2018-08-02,33,7,40
"5114",2018-08-02,29,7,36
"5115",2018-08-02,30,4,34
"5116",2018-08-02,25,7,32
"5117",2018-08-02,23,12,35
"5118",2018-08-02,24,12,36
"5119",2018-08-02,17,20,37
"5120",2018-08-02,18,20,38
"5121",2018-08-02,18,22,40
"5122",2018-08-02,27,15,42
"5123",2018-08-02,42,10,52
"5124",2018-08-02,46,11,57
"5125",2018-08-02,52,8,60
"5126",2018-08-02,53,7,60
"5127",2018-08-02,56,7,63
"5128",2018-08-02,54,6,60
"5129",2018-08-02,50,7,57
"5130",2018-08-02,54,5,59
"5131",2018-08-02,49,9,58
"5132",2018-08-02,48,9,57
"5133",2018-08-02,47,7,54
"5134",2018-08-02,41,10,51
"5135",2018-08-02,40,9,49
"5136",2018-08-02,31,15,46
"5137",2018-08-03,35,9,44
"5138",2018-08-03,36,7,43
"5139",2018-08-03,34,7,41
"5140",2018-08-03,28,9,37
"5141",2018-08-03,25,12,37
"5142",2018-08-03,15,23,38
"5143",2018-08-03,21,21,42
"5144",2018-08-03,10,36,46
"5145",2018-08-03,17,33,50
"5146",2018-08-03,32,23,55
"5147",2018-08-03,39,16,55
"5148",2018-08-03,39,15,54
"5149",2018-08-03,46,13,59
"5150",2018-08-03,50,10,60
"5151",2018-08-03,49,12,61
"5152",2018-08-03,47,15,62
"5153",2018-08-03,52,8,60
"5154",2018-08-03,42,13,55
"5155",2018-08-03,43,12,55
"5156",2018-08-03,45,10,55
"5157",2018-08-03,43,9,52
"5158",2018-08-03,44,8,52
"5159",2018-08-03,37,11,48
"5160",2018-08-03,35,11,46
"5161",2018-08-04,36,9,45
"5162",2018-08-04,27,13,40
"5163",2018-08-04,34,8,42
"5164",2018-08-04,33,7,40
"5165",2018-08-04,18,17,35
"5166",2018-08-04,21,14,35
"5167",2018-08-04,13,19,32
"5168",2018-08-04,26,13,39
"5169",2018-08-04,28,16,44
"5170",2018-08-04,37,14,51
"5171",2018-08-04,47,12,59
"5172",2018-08-04,54,13,67
"5173",2018-08-04,66,12,78
"5174",2018-08-04,67,6,73
"5175",2018-08-04,66,6,72
"5176",2018-08-04,76,5,81
"5177",2018-08-04,68,7,75
"5178",2018-08-04,66,8,74
"5179",2018-08-04,61,7,68
"5180",2018-08-04,59,5,64
"5181",2018-08-04,54,6,60
"5182",2018-08-04,47,8,55
"5183",2018-08-04,30,20,50
"5184",2018-08-04,29,20,49
"5185",2018-08-05,38,11,49
"5186",2018-08-05,38,11,49
"5187",2018-08-05,38,11,49
"5188",2018-08-05,NA,NA,NA
"5189",2018-08-05,38,8,46
"5190",2018-08-05,36,9,45
"5191",2018-08-05,39,10,49
"5192",2018-08-05,42,10,52
"5193",2018-08-05,46,8,54
"5194",2018-08-05,49,9,58
"5195",2018-08-05,55,9,64
"5196",2018-08-05,64,8,72
"5197",2018-08-05,63,7,70
"5198",2018-08-05,56,8,64
"5199",2018-08-05,60,5,65
"5200",2018-08-05,60,4,64
"5201",2018-08-05,60,4,64
"5202",2018-08-05,58,4,62
"5203",2018-08-05,56,4,60
"5204",2018-08-05,51,6,57
"5205",2018-08-05,49,7,56
"5206",2018-08-05,50,6,56
"5207",2018-08-05,49,6,55
"5208",2018-08-05,48,7,55
"5209",2018-08-06,45,8,53
"5210",2018-08-06,49,4,53
"5211",2018-08-06,46,5,51
"5212",2018-08-06,43,5,48
"5213",2018-08-06,42,4,46
"5214",2018-08-06,39,5,44
"5215",2018-08-06,34,8,42
"5216",2018-08-06,31,10,41
"5217",2018-08-06,35,8,43
"5218",2018-08-06,42,6,48
"5219",2018-08-06,51,5,56
"5220",2018-08-06,59,5,64
"5221",2018-08-06,62,4,66
"5222",2018-08-06,55,4,59
"5223",2018-08-06,50,3,53
"5224",2018-08-06,45,5,50
"5225",2018-08-06,45,7,52
"5226",2018-08-06,49,6,55
"5227",2018-08-06,47,8,55
"5228",2018-08-06,44,8,52
"5229",2018-08-06,41,7,48
"5230",2018-08-06,35,9,44
"5231",2018-08-06,28,14,42
"5232",2018-08-06,36,8,44
"5233",2018-08-07,42,4,46
"5234",2018-08-07,38,5,43
"5235",2018-08-07,29,7,36
"5236",2018-08-07,24,7,31
"5237",2018-08-07,22,8,30
"5238",2018-08-07,25,10,35
"5239",2018-08-07,24,14,38
"5240",2018-08-07,18,19,37
"5241",2018-08-07,26,15,41
"5242",2018-08-07,30,14,44
"5243",2018-08-07,35,14,49
"5244",2018-08-07,43,14,57
"5245",2018-08-07,55,9,64
"5246",2018-08-07,54,8,62
"5247",2018-08-07,57,7,64
"5248",2018-08-07,59,8,67
"5249",2018-08-07,56,10,66
"5250",2018-08-07,59,11,70
"5251",2018-08-07,57,10,67
"5252",2018-08-07,55,9,64
"5253",2018-08-07,49,9,58
"5254",2018-08-07,51,5,56
"5255",2018-08-07,49,6,55
"5256",2018-08-07,38,13,51
"5257",2018-08-08,28,13,41
"5258",2018-08-08,37,10,47
"5259",2018-08-08,29,13,42
"5260",2018-08-08,29,11,40
"5261",2018-08-08,28,8,36
"5262",2018-08-08,23,10,33
"5263",2018-08-08,15,17,32
"5264",2018-08-08,13,21,34
"5265",2018-08-08,32,12,44
"5266",2018-08-08,35,15,50
"5267",2018-08-08,30,19,49
"5268",2018-08-08,35,12,47
"5269",2018-08-08,44,8,52
"5270",2018-08-08,52,4,56
"5271",2018-08-08,46,9,55
"5272",2018-08-08,46,9,55
"5273",2018-08-08,42,12,54
"5274",2018-08-08,45,11,56
"5275",2018-08-08,46,8,54
"5276",2018-08-08,36,8,44
"5277",2018-08-08,30,6,36
"5278",2018-08-08,30,6,36
"5279",2018-08-08,26,8,34
"5280",2018-08-08,21,9,30
"5281",2018-08-09,22,6,28
"5282",2018-08-09,12,13,25
"5283",2018-08-09,14,12,26
"5284",2018-08-09,14,9,23
"5285",2018-08-09,11,11,22
"5286",2018-08-09,9,14,23
"5287",2018-08-09,11,14,25
"5288",2018-08-09,9,19,28
"5289",2018-08-09,10,25,35
"5290",2018-08-09,16,18,34
"5291",2018-08-09,28,13,41
"5292",2018-08-09,41,11,52
"5293",2018-08-09,53,7,60
"5294",2018-08-09,52,7,59
"5295",2018-08-09,46,7,53
"5296",2018-08-09,43,5,48
"5297",2018-08-09,46,5,51
"5298",2018-08-09,43,6,49
"5299",2018-08-09,41,6,47
"5300",2018-08-09,36,7,43
"5301",2018-08-09,32,8,40
"5302",2018-08-09,31,7,38
"5303",2018-08-09,32,8,40
"5304",2018-08-09,37,5,42
"5305",2018-08-10,32,4,36
"5306",2018-08-10,22,3,25
"5307",2018-08-10,17,3,20
"5308",2018-08-10,14,4,18
"5309",2018-08-10,13,4,17
"5310",2018-08-10,11,6,17
"5311",2018-08-10,9,9,18
"5312",2018-08-10,10,11,21
"5313",2018-08-10,16,8,24
"5314",2018-08-10,22,5,27
"5315",2018-08-10,25,5,30
"5316",2018-08-10,22,7,29
"5317",2018-08-10,21,6,27
"5318",2018-08-10,23,5,28
"5319",2018-08-10,22,7,29
"5320",2018-08-10,22,8,30
"5321",2018-08-10,22,9,31
"5322",2018-08-10,21,8,29
"5323",2018-08-10,21,11,32
"5324",2018-08-10,23,8,31
"5325",2018-08-10,17,11,28
"5326",2018-08-10,18,10,28
"5327",2018-08-10,12,15,27
"5328",2018-08-10,6,23,29
"5329",2018-08-11,7,20,27
"5330",2018-08-11,4,20,24
"5331",2018-08-11,2,23,25
"5332",2018-08-11,2,25,27
"5333",2018-08-11,1,26,27
"5334",2018-08-11,2,25,27
"5335",2018-08-11,3,26,29
"5336",2018-08-11,10,21,31
"5337",2018-08-11,24,10,34
"5338",2018-08-11,26,10,36
"5339",2018-08-11,26,14,40
"5340",2018-08-11,26,13,39
"5341",2018-08-11,34,8,42
"5342",2018-08-11,33,7,40
"5343",2018-08-11,31,7,38
"5344",2018-08-11,31,5,36
"5345",2018-08-11,28,5,33
"5346",2018-08-11,25,8,33
"5347",2018-08-11,24,9,33
"5348",2018-08-11,26,5,31
"5349",2018-08-11,26,9,35
"5350",2018-08-11,32,8,40
"5351",2018-08-11,26,13,39
"5352",2018-08-11,19,16,35
"5353",2018-08-12,17,16,33
"5354",2018-08-12,18,15,33
"5355",2018-08-12,24,10,34
"5356",2018-08-12,NA,NA,NA
"5357",2018-08-12,20,10,30
"5358",2018-08-12,18,11,29
"5359",2018-08-12,22,9,31
"5360",2018-08-12,22,10,32
"5361",2018-08-12,24,10,34
"5362",2018-08-12,30,9,39
"5363",2018-08-12,36,7,43
"5364",2018-08-12,37,6,43
"5365",2018-08-12,36,5,41
"5366",2018-08-12,39,5,44
"5367",2018-08-12,39,5,44
"5368",2018-08-12,38,4,42
"5369",2018-08-12,37,4,41
"5370",2018-08-12,35,7,42
"5371",2018-08-12,36,6,42
"5372",2018-08-12,34,8,42
"5373",2018-08-12,30,10,40
"5374",2018-08-12,25,13,38
"5375",2018-08-12,20,17,37
"5376",2018-08-12,20,16,36
"5377",2018-08-13,11,25,36
"5378",2018-08-13,21,13,34
"5379",2018-08-13,21,13,34
"5380",2018-08-13,18,14,32
"5381",2018-08-13,20,7,27
"5382",2018-08-13,17,10,27
"5383",2018-08-13,11,19,30
"5384",2018-08-13,11,23,34
"5385",2018-08-13,21,18,39
"5386",2018-08-13,37,9,46
"5387",2018-08-13,36,9,45
"5388",2018-08-13,34,13,47
"5389",2018-08-13,32,15,47
"5390",2018-08-13,36,17,53
"5391",2018-08-13,40,16,56
"5392",2018-08-13,36,17,53
"5393",2018-08-13,38,17,55
"5394",2018-08-13,47,8,55
"5395",2018-08-13,47,5,52
"5396",2018-08-13,31,20,51
"5397",2018-08-13,36,13,49
"5398",2018-08-13,28,19,47
"5399",2018-08-13,16,28,44
"5400",2018-08-13,17,17,34
"5401",2018-08-14,19,11,30
"5402",2018-08-14,21,10,31
"5403",2018-08-14,25,6,31
"5404",2018-08-14,27,6,33
"5405",2018-08-14,30,5,35
"5406",2018-08-14,29,7,36
"5407",2018-08-14,26,10,36
"5408",2018-08-14,23,13,36
"5409",2018-08-14,27,10,37
"5410",2018-08-14,28,10,38
"5411",2018-08-14,30,9,39
"5412",2018-08-14,37,8,45
"5413",2018-08-14,45,10,55
"5414",2018-08-14,50,13,63
"5415",2018-08-14,57,9,66
"5416",2018-08-14,55,8,63
"5417",2018-08-14,51,10,61
"5418",2018-08-14,41,8,49
"5419",2018-08-14,38,4,42
"5420",2018-08-14,35,6,41
"5421",2018-08-14,29,8,37
"5422",2018-08-14,21,14,35
"5423",2018-08-14,24,13,37
"5424",2018-08-14,26,11,37
"5425",2018-08-15,27,9,36
"5426",2018-08-15,13,23,36
"5427",2018-08-15,18,21,39
"5428",2018-08-15,25,12,37
"5429",2018-08-15,22,14,36
"5430",2018-08-15,12,25,37
"5431",2018-08-15,19,20,39
"5432",2018-08-15,23,21,44
"5433",2018-08-15,40,10,50
"5434",2018-08-15,46,8,54
"5435",2018-08-15,52,8,60
"5436",2018-08-15,52,7,59
"5437",2018-08-15,52,5,57
"5438",2018-08-15,53,4,57
"5439",2018-08-15,51,5,56
"5440",2018-08-15,51,6,57
"5441",2018-08-15,50,5,55
"5442",2018-08-15,51,4,55
"5443",2018-08-15,50,6,56
"5444",2018-08-15,47,7,54
"5445",2018-08-15,43,10,53
"5446",2018-08-15,38,15,53
"5447",2018-08-15,35,14,49
"5448",2018-08-15,37,10,47
"5449",2018-08-16,36,9,45
"5450",2018-08-16,28,17,45
"5451",2018-08-16,27,16,43
"5452",2018-08-16,26,15,41
"5453",2018-08-16,26,14,40
"5454",2018-08-16,22,17,39
"5455",2018-08-16,15,27,42
"5456",2018-08-16,12,35,47
"5457",2018-08-16,20,29,49
"5458",2018-08-16,33,20,53
"5459",2018-08-16,40,18,58
"5460",2018-08-16,47,15,62
"5461",2018-08-16,59,11,70
"5462",2018-08-16,55,8,63
"5463",2018-08-16,57,12,69
"5464",2018-08-16,55,13,68
"5465",2018-08-16,52,12,64
"5466",2018-08-16,57,9,66
"5467",2018-08-16,58,8,66
"5468",2018-08-16,53,8,61
"5469",2018-08-16,50,8,58
"5470",2018-08-16,38,8,46
"5471",2018-08-16,29,10,39
"5472",2018-08-16,29,7,36
"5473",2018-08-17,30,4,34
"5474",2018-08-17,28,4,32
"5475",2018-08-17,24,3,27
"5476",2018-08-17,22,4,26
"5477",2018-08-17,20,4,24
"5478",2018-08-17,18,5,23
"5479",2018-08-17,18,7,25
"5480",2018-08-17,18,8,26
"5481",2018-08-17,17,9,26
"5482",2018-08-17,21,6,27
"5483",2018-08-17,25,8,33
"5484",2018-08-17,34,6,40
"5485",2018-08-17,36,6,42
"5486",2018-08-17,37,8,45
"5487",2018-08-17,37,7,44
"5488",2018-08-17,31,6,37
"5489",2018-08-17,29,8,37
"5490",2018-08-17,26,9,35
"5491",2018-08-17,26,9,35
"5492",2018-08-17,25,10,35
"5493",2018-08-17,23,11,34
"5494",2018-08-17,24,11,35
"5495",2018-08-17,24,8,32
"5496",2018-08-17,27,6,33
"5497",2018-08-18,26,7,33
"5498",2018-08-18,29,5,34
"5499",2018-08-18,27,4,31
"5500",2018-08-18,25,5,30
"5501",2018-08-18,23,4,27
"5502",2018-08-18,23,6,29
"5503",2018-08-18,25,7,32
"5504",2018-08-18,23,6,29
"5505",2018-08-18,29,8,37
"5506",2018-08-18,33,6,39
"5507",2018-08-18,34,7,41
"5508",2018-08-18,32,6,38
"5509",2018-08-18,35,6,41
"5510",2018-08-18,34,6,40
"5511",2018-08-18,33,8,41
"5512",2018-08-18,33,6,39
"5513",2018-08-18,31,6,37
"5514",2018-08-18,30,7,37
"5515",2018-08-18,31,7,38
"5516",2018-08-18,25,12,37
"5517",2018-08-18,23,13,36
"5518",2018-08-18,23,11,34
"5519",2018-08-18,10,13,23
"5520",2018-08-18,9,8,17
"5521",2018-08-19,9,9,18
"5522",2018-08-19,11,6,17
"5523",2018-08-19,11,6,17
"5524",2018-08-19,NA,NA,NA
"5525",2018-08-19,12,5,17
"5526",2018-08-19,10,6,16
"5527",2018-08-19,10,6,16
"5528",2018-08-19,10,7,17
"5529",2018-08-19,11,8,19
"5530",2018-08-19,17,5,22
"5531",2018-08-19,21,4,25
"5532",2018-08-19,22,3,25
"5533",2018-08-19,25,2,27
"5534",2018-08-19,33,2,35
"5535",2018-08-19,34,2,36
"5536",2018-08-19,34,3,37
"5537",2018-08-19,36,3,39
"5538",2018-08-19,34,2,36
"5539",2018-08-19,32,3,35
"5540",2018-08-19,31,4,35
"5541",2018-08-19,28,6,34
"5542",2018-08-19,26,7,33
"5543",2018-08-19,22,10,32
"5544",2018-08-19,19,11,30
"5545",2018-08-20,18,8,26
"5546",2018-08-20,18,6,24
"5547",2018-08-20,18,6,24
"5548",2018-08-20,10,12,22
"5549",2018-08-20,9,13,22
"5550",2018-08-20,10,13,23
"5551",2018-08-20,5,19,24
"5552",2018-08-20,7,16,23
"5553",2018-08-20,15,9,24
"5554",2018-08-20,20,8,28
"5555",2018-08-20,24,7,31
"5556",2018-08-20,26,5,31
"5557",2018-08-20,26,5,31
"5558",2018-08-20,27,6,33
"5559",2018-08-20,32,5,37
"5560",2018-08-20,36,5,41
"5561",2018-08-20,36,5,41
"5562",2018-08-20,37,4,41
"5563",2018-08-20,34,4,38
"5564",2018-08-20,31,6,37
"5565",2018-08-20,30,5,35
"5566",2018-08-20,25,7,32
"5567",2018-08-20,20,7,27
"5568",2018-08-20,20,7,27
"5569",2018-08-21,23,5,28
"5570",2018-08-21,21,5,26
"5571",2018-08-21,20,5,25
"5572",2018-08-21,20,5,25
"5573",2018-08-21,20,7,27
"5574",2018-08-21,19,9,28
"5575",2018-08-21,19,10,29
"5576",2018-08-21,17,11,28
"5577",2018-08-21,22,10,32
"5578",2018-08-21,23,9,32
"5579",2018-08-21,18,10,28
"5580",2018-08-21,16,10,26
"5581",2018-08-21,17,10,27
"5582",2018-08-21,21,7,28
"5583",2018-08-21,23,7,30
"5584",2018-08-21,29,9,38
"5585",2018-08-21,40,4,44
"5586",2018-08-21,40,4,44
"5587",2018-08-21,37,5,42
"5588",2018-08-21,35,6,41
"5589",2018-08-21,34,5,39
"5590",2018-08-21,30,9,39
"5591",2018-08-21,32,7,39
"5592",2018-08-21,40,2,42
"5593",2018-08-22,41,2,43
"5594",2018-08-22,41,2,43
"5595",2018-08-22,37,3,40
"5596",2018-08-22,34,4,38
"5597",2018-08-22,32,6,38
"5598",2018-08-22,30,9,39
"5599",2018-08-22,26,14,40
"5600",2018-08-22,19,11,30
"5601",2018-08-22,18,7,25
"5602",2018-08-22,18,5,23
"5603",2018-08-22,19,4,23
"5604",2018-08-22,23,4,27
"5605",2018-08-22,26,4,30
"5606",2018-08-22,28,4,32
"5607",2018-08-22,29,4,33
"5608",2018-08-22,29,3,32
"5609",2018-08-22,28,3,31
"5610",2018-08-22,28,3,31
"5611",2018-08-22,26,3,29
"5612",2018-08-22,21,5,26
"5613",2018-08-22,14,12,26
"5614",2018-08-22,12,12,24
"5615",2018-08-22,12,9,21
"5616",2018-08-22,11,9,20
"5617",2018-08-23,12,7,19
"5618",2018-08-23,16,5,21
"5619",2018-08-23,17,4,21
"5620",2018-08-23,17,5,22
"5621",2018-08-23,16,7,23
"5622",2018-08-23,14,10,24
"5623",2018-08-23,14,13,27
"5624",2018-08-23,14,15,29
"5625",2018-08-23,21,10,31
"5626",2018-08-23,27,6,33
"5627",2018-08-23,32,5,37
"5628",2018-08-23,37,5,42
"5629",2018-08-23,40,4,44
"5630",2018-08-23,40,5,45
"5631",2018-08-23,37,5,42
"5632",2018-08-23,40,4,44
"5633",2018-08-23,41,4,45
"5634",2018-08-23,40,4,44
"5635",2018-08-23,37,6,43
"5636",2018-08-23,32,9,41
"5637",2018-08-23,29,10,39
"5638",2018-08-23,23,15,38
"5639",2018-08-23,26,10,36
"5640",2018-08-23,21,14,35
"5641",2018-08-24,23,11,34
"5642",2018-08-24,29,9,38
"5643",2018-08-24,29,9,38
"5644",2018-08-24,22,14,36
"5645",2018-08-24,18,18,36
"5646",2018-08-24,10,26,36
"5647",2018-08-24,14,23,37
"5648",2018-08-24,13,25,38
"5649",2018-08-24,17,24,41
"5650",2018-08-24,19,26,45
"5651",2018-08-24,22,26,48
"5652",2018-08-24,41,15,56
"5653",2018-08-24,55,10,65
"5654",2018-08-24,55,8,63
"5655",2018-08-24,52,7,59
"5656",2018-08-24,50,7,57
"5657",2018-08-24,51,6,57
"5658",2018-08-24,55,7,62
"5659",2018-08-24,51,13,64
"5660",2018-08-24,48,14,62
"5661",2018-08-24,43,16,59
"5662",2018-08-24,44,11,55
"5663",2018-08-24,49,8,57
"5664",2018-08-24,51,6,57
"5665",2018-08-25,42,8,50
"5666",2018-08-25,31,6,37
"5667",2018-08-25,33,3,36
"5668",2018-08-25,33,3,36
"5669",2018-08-25,33,3,36
"5670",2018-08-25,31,5,36
"5671",2018-08-25,30,6,36
"5672",2018-08-25,31,6,37
"5673",2018-08-25,34,5,39
"5674",2018-08-25,37,4,41
"5675",2018-08-25,41,4,45
"5676",2018-08-25,46,4,50
"5677",2018-08-25,44,5,49
"5678",2018-08-25,41,6,47
"5679",2018-08-25,36,6,42
"5680",2018-08-25,36,8,44
"5681",2018-08-25,34,13,47
"5682",2018-08-25,33,15,48
"5683",2018-08-25,33,12,45
"5684",2018-08-25,33,11,44
"5685",2018-08-25,33,11,44
"5686",2018-08-25,33,9,42
"5687",2018-08-25,37,5,42
"5688",2018-08-25,38,4,42
"5689",2018-08-26,38,4,42
"5690",2018-08-26,34,6,40
"5691",2018-08-26,30,7,37
"5692",2018-08-26,NA,NA,NA
"5693",2018-08-26,27,6,33
"5694",2018-08-26,26,5,31
"5695",2018-08-26,24,6,30
"5696",2018-08-26,22,8,30
"5697",2018-08-26,27,7,34
"5698",2018-08-26,35,4,39
"5699",2018-08-26,39,5,44
"5700",2018-08-26,39,6,45
"5701",2018-08-26,44,5,49
"5702",2018-08-26,44,4,48
"5703",2018-08-26,46,3,49
"5704",2018-08-26,45,3,48
"5705",2018-08-26,45,3,48
"5706",2018-08-26,43,3,46
"5707",2018-08-26,41,4,45
"5708",2018-08-26,34,7,41
"5709",2018-08-26,28,12,40
"5710",2018-08-26,22,16,38
"5711",2018-08-26,26,10,36
"5712",2018-08-26,19,15,34
"5713",2018-08-27,20,14,34
"5714",2018-08-27,15,15,30
"5715",2018-08-27,19,13,32
"5716",2018-08-27,25,10,35
"5717",2018-08-27,11,18,29
"5718",2018-08-27,10,21,31
"5719",2018-08-27,10,23,33
"5720",2018-08-27,5,25,30
"5721",2018-08-27,5,26,31
"5722",2018-08-27,10,24,34
"5723",2018-08-27,24,20,44
"5724",2018-08-27,38,10,48
"5725",2018-08-27,34,14,48
"5726",2018-08-27,36,13,49
"5727",2018-08-27,41,9,50
"5728",2018-08-27,44,10,54
"5729",2018-08-27,46,10,56
"5730",2018-08-27,46,8,54
"5731",2018-08-27,41,10,51
"5732",2018-08-27,42,9,51
"5733",2018-08-27,41,8,49
"5734",2018-08-27,39,7,46
"5735",2018-08-27,36,9,45
"5736",2018-08-27,36,8,44
"5737",2018-08-28,36,5,41
"5738",2018-08-28,37,5,42
"5739",2018-08-28,34,4,38
"5740",2018-08-28,31,5,36
"5741",2018-08-28,30,5,35
"5742",2018-08-28,30,8,38
"5743",2018-08-28,30,10,40
"5744",2018-08-28,29,12,41
"5745",2018-08-28,31,11,42
"5746",2018-08-28,35,10,45
"5747",2018-08-28,42,7,49
"5748",2018-08-28,43,6,49
"5749",2018-08-28,49,5,54
"5750",2018-08-28,56,5,61
"5751",2018-08-28,51,4,55
"5752",2018-08-28,50,4,54
"5753",2018-08-28,46,5,51
"5754",2018-08-28,44,9,53
"5755",2018-08-28,39,14,53
"5756",2018-08-28,41,11,52
"5757",2018-08-28,40,10,50
"5758",2018-08-28,30,19,49
"5759",2018-08-28,33,13,46
"5760",2018-08-28,32,10,42
"5761",2018-08-29,34,6,40
"5762",2018-08-29,37,4,41
"5763",2018-08-29,31,6,37
"5764",2018-08-29,34,6,40
"5765",2018-08-29,37,5,42
"5766",2018-08-29,33,9,42
"5767",2018-08-29,31,11,42
"5768",2018-08-29,27,13,40
"5769",2018-08-29,30,10,40
"5770",2018-08-29,32,6,38
"5771",2018-08-29,37,6,43
"5772",2018-08-29,40,6,46
"5773",2018-08-29,45,5,50
"5774",2018-08-29,44,6,50
"5775",2018-08-29,40,6,46
"5776",2018-08-29,42,5,47
"5777",2018-08-29,43,5,48
"5778",2018-08-29,40,5,45
"5779",2018-08-29,38,5,43
"5780",2018-08-29,32,6,38
"5781",2018-08-29,32,5,37
"5782",2018-08-29,31,4,35
"5783",2018-08-29,23,3,26
"5784",2018-08-29,22,3,25
"5785",2018-08-30,20,3,23
"5786",2018-08-30,17,4,21
"5787",2018-08-30,13,4,17
"5788",2018-08-30,10,4,14
"5789",2018-08-30,10,4,14
"5790",2018-08-30,10,4,14
"5791",2018-08-30,8,5,13
"5792",2018-08-30,10,6,16
"5793",2018-08-30,9,4,13
"5794",2018-08-30,7,6,13
"5795",2018-08-30,8,6,14
"5796",2018-08-30,10,7,17
"5797",2018-08-30,14,7,21
"5798",2018-08-30,16,8,24
"5799",2018-08-30,14,11,25
"5800",2018-08-30,17,12,29
"5801",2018-08-30,26,9,35
"5802",2018-08-30,25,9,34
"5803",2018-08-30,24,7,31
"5804",2018-08-30,21,8,29
"5805",2018-08-30,19,10,29
"5806",2018-08-30,18,11,29
"5807",2018-08-30,16,12,28
"5808",2018-08-30,13,14,27
"5809",2018-08-31,11,16,27
"5810",2018-08-31,4,21,25
"5811",2018-08-31,5,18,23
"5812",2018-08-31,11,11,22
"5813",2018-08-31,14,9,23
"5814",2018-08-31,13,11,24
"5815",2018-08-31,11,15,26
"5816",2018-08-31,12,14,26
"5817",2018-08-31,18,10,28
"5818",2018-08-31,21,9,30
"5819",2018-08-31,26,6,32
"5820",2018-08-31,27,7,34
"5821",2018-08-31,30,6,36
"5822",2018-08-31,30,8,38
"5823",2018-08-31,30,10,40
"5824",2018-08-31,32,11,43
"5825",2018-08-31,36,6,42
"5826",2018-08-31,36,7,43
"5827",2018-08-31,36,7,43
"5828",2018-08-31,31,10,41
"5829",2018-08-31,30,9,39
"5830",2018-08-31,27,10,37
"5831",2018-08-31,28,9,37
"5832",2018-08-31,27,10,37
"5833",2018-09-01,23,12,35
"5834",2018-09-01,18,16,34
"5835",2018-09-01,16,16,32
"5836",2018-09-01,9,23,32
"5837",2018-09-01,11,22,33
"5838",2018-09-01,15,14,29
"5839",2018-09-01,14,11,25
"5840",2018-09-01,13,11,24
"5841",2018-09-01,16,13,29
"5842",2018-09-01,31,6,37
"5843",2018-09-01,34,6,40
"5844",2018-09-01,37,6,43
"5845",2018-09-01,44,7,51
"5846",2018-09-01,46,9,55
"5847",2018-09-01,50,5,55
"5848",2018-09-01,48,8,56
"5849",2018-09-01,45,9,54
"5850",2018-09-01,38,13,51
"5851",2018-09-01,38,11,49
"5852",2018-09-01,38,9,47
"5853",2018-09-01,35,11,46
"5854",2018-09-01,41,6,47
"5855",2018-09-01,41,5,46
"5856",2018-09-01,40,4,44
"5857",2018-09-02,36,6,42
"5858",2018-09-02,35,5,40
"5859",2018-09-02,35,3,38
"5860",2018-09-02,NA,NA,NA
"5861",2018-09-02,31,4,35
"5862",2018-09-02,27,5,32
"5863",2018-09-02,23,6,29
"5864",2018-09-02,21,6,27
"5865",2018-09-02,20,7,27
"5866",2018-09-02,22,6,28
"5867",2018-09-02,29,4,33
"5868",2018-09-02,29,4,33
"5869",2018-09-02,26,4,30
"5870",2018-09-02,33,4,37
"5871",2018-09-02,40,4,44
"5872",2018-09-02,44,4,48
"5873",2018-09-02,44,4,48
"5874",2018-09-02,43,5,48
"5875",2018-09-02,38,7,45
"5876",2018-09-02,29,11,40
"5877",2018-09-02,26,12,38
"5878",2018-09-02,21,15,36
"5879",2018-09-02,22,14,36
"5880",2018-09-02,25,8,33
"5881",2018-09-03,26,6,32
"5882",2018-09-03,25,8,33
"5883",2018-09-03,24,8,32
"5884",2018-09-03,25,7,32
"5885",2018-09-03,25,6,31
"5886",2018-09-03,22,7,29
"5887",2018-09-03,20,7,27
"5888",2018-09-03,20,8,28
"5889",2018-09-03,17,10,27
"5890",2018-09-03,21,9,30
"5891",2018-09-03,29,8,37
"5892",2018-09-03,37,7,44
"5893",2018-09-03,38,4,42
"5894",2018-09-03,33,6,39
"5895",2018-09-03,32,6,38
"5896",2018-09-03,33,5,38
"5897",2018-09-03,25,12,37
"5898",2018-09-03,18,19,37
"5899",2018-09-03,26,9,35
"5900",2018-09-03,29,4,33
"5901",2018-09-03,27,5,32
"5902",2018-09-03,25,7,32
"5903",2018-09-03,25,7,32
"5904",2018-09-03,26,5,31
"5905",2018-09-04,26,4,30
"5906",2018-09-04,26,4,30
"5907",2018-09-04,26,3,29
"5908",2018-09-04,26,4,30
"5909",2018-09-04,23,6,29
"5910",2018-09-04,22,7,29
"5911",2018-09-04,19,12,31
"5912",2018-09-04,18,16,34
"5913",2018-09-04,26,14,40
"5914",2018-09-04,28,14,42
"5915",2018-09-04,29,14,43
"5916",2018-09-04,34,13,47
"5917",2018-09-04,32,14,46
"5918",2018-09-04,39,12,51
"5919",2018-09-04,35,15,50
"5920",2018-09-04,34,15,49
"5921",2018-09-04,32,16,48
"5922",2018-09-04,39,7,46
"5923",2018-09-04,30,15,45
"5924",2018-09-04,35,11,46
"5925",2018-09-04,33,11,44
"5926",2018-09-04,34,8,42
"5927",2018-09-04,29,11,40
"5928",2018-09-04,18,19,37
"5929",2018-09-05,26,9,35
"5930",2018-09-05,28,11,39
"5931",2018-09-05,27,10,37
"5932",2018-09-05,24,11,35
"5933",2018-09-05,19,14,33
"5934",2018-09-05,15,18,33
"5935",2018-09-05,3,31,34
"5936",2018-09-05,15,28,43
"5937",2018-09-05,21,21,42
"5938",2018-09-05,31,14,45
"5939",2018-09-05,40,13,53
"5940",2018-09-05,53,9,62
"5941",2018-09-05,55,9,64
"5942",2018-09-05,54,6,60
"5943",2018-09-05,50,6,56
"5944",2018-09-05,48,5,53
"5945",2018-09-05,45,5,50
"5946",2018-09-05,48,4,52
"5947",2018-09-05,45,5,50
"5948",2018-09-05,44,5,49
"5949",2018-09-05,45,6,51
"5950",2018-09-05,44,8,52
"5951",2018-09-05,42,6,48
"5952",2018-09-05,35,4,39
"5953",2018-09-06,30,3,33
"5954",2018-09-06,26,4,30
"5955",2018-09-06,24,3,27
"5956",2018-09-06,26,3,29
"5957",2018-09-06,28,3,31
"5958",2018-09-06,26,5,31
"5959",2018-09-06,22,8,30
"5960",2018-09-06,18,10,28
"5961",2018-09-06,18,10,28
"5962",2018-09-06,20,9,29
"5963",2018-09-06,23,9,32
"5964",2018-09-06,26,8,34
"5965",2018-09-06,28,7,35
"5966",2018-09-06,30,7,37
"5967",2018-09-06,33,5,38
"5968",2018-09-06,32,7,39
"5969",2018-09-06,36,8,44
"5970",2018-09-06,37,8,45
"5971",2018-09-06,21,6,27
"5972",2018-09-06,19,6,25
"5973",2018-09-06,18,6,24
"5974",2018-09-06,17,6,23
"5975",2018-09-06,17,5,22
"5976",2018-09-06,17,5,22
"5977",2018-09-07,16,5,21
"5978",2018-09-07,15,5,20
"5979",2018-09-07,13,6,19
"5980",2018-09-07,10,7,17
"5981",2018-09-07,10,9,19
"5982",2018-09-07,6,13,19
"5983",2018-09-07,5,18,23
"5984",2018-09-07,7,18,25
"5985",2018-09-07,12,13,25
"5986",2018-09-07,18,9,27
"5987",2018-09-07,22,8,30
"5988",2018-09-07,25,9,34
"5989",2018-09-07,27,11,38
"5990",2018-09-07,31,14,45
"5991",2018-09-07,32,9,41
"5992",2018-09-07,30,12,42
"5993",2018-09-07,31,10,41
"5994",2018-09-07,31,7,38
"5995",2018-09-07,26,8,34
"5996",2018-09-07,23,7,30
"5997",2018-09-07,22,6,28
"5998",2018-09-07,22,7,29
"5999",2018-09-07,23,6,29
"6000",2018-09-07,23,6,29
"6001",2018-09-08,23,5,28
"6002",2018-09-08,NA,NA,NA
"6003",2018-09-08,22,4,26
"6004",2018-09-08,20,3,23
"6005",2018-09-08,19,3,22
"6006",2018-09-08,20,3,23
"6007",2018-09-08,20,5,25
"6008",2018-09-08,19,5,24
"6009",2018-09-08,20,6,26
"6010",2018-09-08,22,6,28
"6011",2018-09-08,23,6,29
"6012",2018-09-08,24,6,30
"6013",2018-09-08,25,6,31
"6014",2018-09-08,27,5,32
"6015",2018-09-08,28,4,32
"6016",2018-09-08,27,5,32
"6017",2018-09-08,26,5,31
"6018",2018-09-08,24,6,30
"6019",2018-09-08,25,5,30
"6020",2018-09-08,22,8,30
"6021",2018-09-08,20,8,28
"6022",2018-09-08,14,14,28
"6023",2018-09-08,14,12,26
"6024",2018-09-08,16,8,24
"6025",2018-09-09,19,6,25
"6026",2018-09-09,20,4,24
"6027",2018-09-09,19,4,23
"6028",2018-09-09,NA,NA,NA
"6029",2018-09-09,19,4,23
"6030",2018-09-09,18,4,22
"6031",2018-09-09,17,5,22
"6032",2018-09-09,16,6,22
"6033",2018-09-09,16,6,22
"6034",2018-09-09,16,6,22
"6035",2018-09-09,21,4,25
"6036",2018-09-09,24,3,27
"6037",2018-09-09,26,3,29
"6038",2018-09-09,27,3,30
"6039",2018-09-09,26,3,29
"6040",2018-09-09,25,3,28
"6041",2018-09-09,26,3,29
"6042",2018-09-09,25,3,28
"6043",2018-09-09,24,3,27
"6044",2018-09-09,23,3,26
"6045",2018-09-09,23,2,25
"6046",2018-09-09,24,2,26
"6047",2018-09-09,23,2,25
"6048",2018-09-09,22,2,24
"6049",2018-09-10,22,2,24
"6050",2018-09-10,22,1,23
"6051",2018-09-10,21,1,22
"6052",2018-09-10,19,2,21
"6053",2018-09-10,18,2,20
"6054",2018-09-10,18,2,20
"6055",2018-09-10,19,3,22
"6056",2018-09-10,18,4,22
"6057",2018-09-10,20,4,24
"6058",2018-09-10,21,4,25
"6059",2018-09-10,21,4,25
"6060",2018-09-10,22,4,26
"6061",2018-09-10,20,4,24
"6062",2018-09-10,20,4,24
"6063",2018-09-10,19,4,23
"6064",2018-09-10,19,4,23
"6065",2018-09-10,18,4,22
"6066",2018-09-10,17,4,21
"6067",2018-09-10,15,5,20
"6068",2018-09-10,14,5,19
"6069",2018-09-10,13,5,18
"6070",2018-09-10,12,6,18
"6071",2018-09-10,10,7,17
"6072",2018-09-10,8,7,15
"6073",2018-09-11,8,8,16
"6074",2018-09-11,4,11,15
"6075",2018-09-11,3,12,15
"6076",2018-09-11,2,12,14
"6077",2018-09-11,2,11,13
"6078",2018-09-11,3,10,13
"6079",2018-09-11,3,11,14
"6080",2018-09-11,4,9,13
"6081",2018-09-11,9,6,15
"6082",2018-09-11,11,5,16
"6083",2018-09-11,13,5,18
"6084",2018-09-11,15,6,21
"6085",2018-09-11,18,7,25
"6086",2018-09-11,18,8,26
"6087",2018-09-11,17,9,26
"6088",2018-09-11,19,9,28
"6089",2018-09-11,21,9,30
"6090",2018-09-11,25,7,32
"6091",2018-09-11,23,8,31
"6092",2018-09-11,20,9,29
"6093",2018-09-11,17,11,28
"6094",2018-09-11,16,11,27
"6095",2018-09-11,6,20,26
"6096",2018-09-11,4,22,26
"6097",2018-09-12,5,20,25
"6098",2018-09-12,3,22,25
"6099",2018-09-12,2,22,24
"6100",2018-09-12,1,21,22
"6101",2018-09-12,1,21,22
"6102",2018-09-12,1,21,22
"6103",2018-09-12,2,21,23
"6104",2018-09-12,4,20,24
"6105",2018-09-12,7,19,26
"6106",2018-09-12,17,11,28
"6107",2018-09-12,19,11,30
"6108",2018-09-12,25,9,34
"6109",2018-09-12,30,7,37
"6110",2018-09-12,31,8,39
"6111",2018-09-12,33,8,41
"6112",2018-09-12,35,6,41
"6113",2018-09-12,33,6,39
"6114",2018-09-12,32,6,38
"6115",2018-09-12,33,6,39
"6116",2018-09-12,32,6,38
"6117",2018-09-12,29,8,37
"6118",2018-09-12,30,7,37
"6119",2018-09-12,30,6,36
"6120",2018-09-12,28,5,33
"6121",2018-09-13,27,5,32
"6122",2018-09-13,21,8,29
"6123",2018-09-13,14,12,26
"6124",2018-09-13,15,11,26
"6125",2018-09-13,17,10,27
"6126",2018-09-13,15,13,28
"6127",2018-09-13,11,19,30
"6128",2018-09-13,10,20,30
"6129",2018-09-13,19,11,30
"6130",2018-09-13,22,8,30
"6131",2018-09-13,25,8,33
"6132",2018-09-13,29,7,36
"6133",2018-09-13,30,6,36
"6134",2018-09-13,32,6,38
"6135",2018-09-13,33,5,38
"6136",2018-09-13,31,6,37
"6137",2018-09-13,32,6,38
"6138",2018-09-13,30,7,37
"6139",2018-09-13,30,6,36
"6140",2018-09-13,28,7,35
"6141",2018-09-13,28,6,34
"6142",2018-09-13,29,5,34
"6143",2018-09-13,29,5,34
"6144",2018-09-13,30,4,34
"6145",2018-09-14,30,3,33
"6146",2018-09-14,30,2,32
"6147",2018-09-14,27,3,30
"6148",2018-09-14,25,3,28
"6149",2018-09-14,23,4,27
"6150",2018-09-14,20,6,26
"6151",2018-09-14,17,10,27
"6152",2018-09-14,14,12,26
"6153",2018-09-14,14,14,28
"6154",2018-09-14,13,18,31
"6155",2018-09-14,20,13,33
"6156",2018-09-14,24,10,34
"6157",2018-09-14,24,12,36
"6158",2018-09-14,28,11,39
"6159",2018-09-14,28,11,39
"6160",2018-09-14,28,15,43
"6161",2018-09-14,34,6,40
"6162",2018-09-14,32,6,38
"6163",2018-09-14,31,7,38
"6164",2018-09-14,35,7,42
"6165",2018-09-14,34,7,41
"6166",2018-09-14,31,8,39
"6167",2018-09-14,28,10,38
"6168",2018-09-14,24,12,36
"6169",2018-09-15,22,12,34
"6170",2018-09-15,14,19,33
"6171",2018-09-15,13,19,32
"6172",2018-09-15,14,16,30
"6173",2018-09-15,15,13,28
"6174",2018-09-15,14,13,27
"6175",2018-09-15,10,17,27
"6176",2018-09-15,13,15,28
"6177",2018-09-15,10,23,33
"6178",2018-09-15,12,26,38
"6179",2018-09-15,20,23,43
"6180",2018-09-15,28,18,46
"6181",2018-09-15,38,20,58
"6182",2018-09-15,49,12,61
"6183",2018-09-15,47,8,55
"6184",2018-09-15,40,8,48
"6185",2018-09-15,40,8,48
"6186",2018-09-15,40,9,49
"6187",2018-09-15,32,14,46
"6188",2018-09-15,28,16,44
"6189",2018-09-15,29,12,41
"6190",2018-09-15,26,10,36
"6191",2018-09-15,18,16,34
"6192",2018-09-15,10,22,32
"6193",2018-09-16,13,19,32
"6194",2018-09-16,25,8,33
"6195",2018-09-16,24,8,32
"6196",2018-09-16,NA,NA,NA
"6197",2018-09-16,25,5,30
"6198",2018-09-16,20,9,29
"6199",2018-09-16,15,10,25
"6200",2018-09-16,13,13,26
"6201",2018-09-16,19,12,31
"6202",2018-09-16,23,12,35
"6203",2018-09-16,30,10,40
"6204",2018-09-16,39,7,46
"6205",2018-09-16,41,5,46
"6206",2018-09-16,39,7,46
"6207",2018-09-16,33,12,45
"6208",2018-09-16,37,5,42
"6209",2018-09-16,34,5,39
"6210",2018-09-16,33,5,38
"6211",2018-09-16,32,5,37
"6212",2018-09-16,31,6,37
"6213",2018-09-16,31,7,38
"6214",2018-09-16,27,9,36
"6215",2018-09-16,26,8,34
"6216",2018-09-16,21,12,33
"6217",2018-09-17,20,12,32
"6218",2018-09-17,17,15,32
"6219",2018-09-17,18,12,30
"6220",2018-09-17,27,5,32
"6221",2018-09-17,25,4,29
"6222",2018-09-17,19,6,25
"6223",2018-09-17,17,8,25
"6224",2018-09-17,18,9,27
"6225",2018-09-17,21,9,30
"6226",2018-09-17,26,8,34
"6227",2018-09-17,29,8,37
"6228",2018-09-17,33,7,40
"6229",2018-09-17,33,8,41
"6230",2018-09-17,32,8,40
"6231",2018-09-17,32,8,40
"6232",2018-09-17,30,13,43
"6233",2018-09-17,30,10,40
"6234",2018-09-17,28,10,38
"6235",2018-09-17,24,16,40
"6236",2018-09-17,27,14,41
"6237",2018-09-17,28,8,36
"6238",2018-09-17,29,5,34
"6239",2018-09-17,23,7,30
"6240",2018-09-17,15,12,27
"6241",2018-09-18,15,13,28
"6242",2018-09-18,12,14,26
"6243",2018-09-18,10,15,25
"6244",2018-09-18,3,23,26
"6245",2018-09-18,3,23,26
"6246",2018-09-18,3,21,24
"6247",2018-09-18,3,23,26
"6248",2018-09-18,9,19,28
"6249",2018-09-18,19,12,31
"6250",2018-09-18,25,8,33
"6251",2018-09-18,27,7,34
"6252",2018-09-18,31,5,36
"6253",2018-09-18,36,4,40
"6254",2018-09-18,38,4,42
"6255",2018-09-18,39,5,44
"6256",2018-09-18,34,6,40
"6257",2018-09-18,26,6,32
"6258",2018-09-18,20,5,25
"6259",2018-09-18,17,4,21
"6260",2018-09-18,17,4,21
"6261",2018-09-18,19,3,22
"6262",2018-09-18,18,4,22
"6263",2018-09-18,18,3,21
"6264",2018-09-18,16,3,19
"6265",2018-09-19,14,4,18
"6266",2018-09-19,14,3,17
"6267",2018-09-19,12,3,15
"6268",2018-09-19,11,3,14
"6269",2018-09-19,9,3,12
"6270",2018-09-19,6,6,12
"6271",2018-09-19,3,8,11
"6272",2018-09-19,4,8,12
"6273",2018-09-19,6,8,14
"6274",2018-09-19,8,7,15
"6275",2018-09-19,11,7,18
"6276",2018-09-19,12,9,21
"6277",2018-09-19,14,9,23
"6278",2018-09-19,17,10,27
"6279",2018-09-19,20,9,29
"6280",2018-09-19,21,11,32
"6281",2018-09-19,22,12,34
"6282",2018-09-19,22,11,33
"6283",2018-09-19,22,7,29
"6284",2018-09-19,20,7,27
"6285",2018-09-19,20,7,27
"6286",2018-09-19,18,6,24
"6287",2018-09-19,17,4,21
"6288",2018-09-19,18,3,21
"6289",2018-09-20,18,3,21
"6290",2018-09-20,19,2,21
"6291",2018-09-20,10,9,19
"6292",2018-09-20,6,11,17
"6293",2018-09-20,7,10,17
"6294",2018-09-20,3,14,17
"6295",2018-09-20,2,17,19
"6296",2018-09-20,9,12,21
"6297",2018-09-20,9,11,20
"6298",2018-09-20,17,8,25
"6299",2018-09-20,20,7,27
"6300",2018-09-20,23,5,28
"6301",2018-09-20,25,6,31
"6302",2018-09-20,25,6,31
"6303",2018-09-20,24,5,29
"6304",2018-09-20,24,6,30
"6305",2018-09-20,25,5,30
"6306",2018-09-20,26,4,30
"6307",2018-09-20,25,6,31
"6308",2018-09-20,26,3,29
"6309",2018-09-20,23,4,27
"6310",2018-09-20,24,4,28
"6311",2018-09-20,24,2,26
"6312",2018-09-20,22,3,25
"6313",2018-09-21,20,3,23
"6314",2018-09-21,21,3,24
"6315",2018-09-21,19,4,23
"6316",2018-09-21,19,7,26
"6317",2018-09-21,23,6,29
"6318",2018-09-21,20,10,30
"6319",2018-09-21,24,9,33
"6320",2018-09-21,29,8,37
"6321",2018-09-21,30,8,38
"6322",2018-09-21,37,6,43
"6323",2018-09-21,43,6,49
"6324",2018-09-21,48,6,54
"6325",2018-09-21,52,6,58
"6326",2018-09-21,54,5,59
"6327",2018-09-21,54,4,58
"6328",2018-09-21,55,4,59
"6329",2018-09-21,46,5,51
"6330",2018-09-21,38,5,43
"6331",2018-09-21,35,7,42
"6332",2018-09-21,35,4,39
"6333",2018-09-21,24,2,26
"6334",2018-09-21,17,2,19
"6335",2018-09-21,20,1,21
"6336",2018-09-21,26,1,27
"6337",2018-09-22,24,1,25
"6338",2018-09-22,23,1,24
"6339",2018-09-22,21,1,22
"6340",2018-09-22,19,1,20
"6341",2018-09-22,17,3,20
"6342",2018-09-22,21,2,23
"6343",2018-09-22,22,3,25
"6344",2018-09-22,24,5,29
"6345",2018-09-22,26,4,30
"6346",2018-09-22,28,4,32
"6347",2018-09-22,29,3,32
"6348",2018-09-22,29,5,34
"6349",2018-09-22,32,3,35
"6350",2018-09-22,34,4,38
"6351",2018-09-22,34,5,39
"6352",2018-09-22,36,4,40
"6353",2018-09-22,37,3,40
"6354",2018-09-22,37,4,41
"6355",2018-09-22,36,5,41
"6356",2018-09-22,35,5,40
"6357",2018-09-22,34,5,39
"6358",2018-09-22,28,9,37
"6359",2018-09-22,19,18,37
"6360",2018-09-22,17,17,34
"6361",2018-09-23,17,18,35
"6362",2018-09-23,19,14,33
"6363",2018-09-23,19,13,32
"6364",2018-09-23,NA,NA,NA
"6365",2018-09-23,6,22,28
"6366",2018-09-23,8,19,27
"6367",2018-09-23,5,23,28
"6368",2018-09-23,7,22,29
"6369",2018-09-23,21,10,31
"6370",2018-09-23,21,13,34
"6371",2018-09-23,28,8,36
"6372",2018-09-23,35,5,40
"6373",2018-09-23,40,4,44
"6374",2018-09-23,41,3,44
"6375",2018-09-23,40,3,43
"6376",2018-09-23,41,3,44
"6377",2018-09-23,40,3,43
"6378",2018-09-23,40,4,44
"6379",2018-09-23,37,7,44
"6380",2018-09-23,31,11,42
"6381",2018-09-23,28,12,40
"6382",2018-09-23,28,11,39
"6383",2018-09-23,27,10,37
"6384",2018-09-23,23,10,33
"6385",2018-09-24,17,4,21
"6386",2018-09-24,20,2,22
"6387",2018-09-24,23,1,24
"6388",2018-09-24,24,2,26
"6389",2018-09-24,22,2,24
"6390",2018-09-24,18,4,22
"6391",2018-09-24,13,7,20
"6392",2018-09-24,14,7,21
"6393",2018-09-24,17,6,23
"6394",2018-09-24,17,6,23
"6395",2018-09-24,18,5,23
"6396",2018-09-24,22,5,27
"6397",2018-09-24,25,5,30
"6398",2018-09-24,26,5,31
"6399",2018-09-24,27,5,32
"6400",2018-09-24,28,5,33
"6401",2018-09-24,28,5,33
"6402",2018-09-24,28,5,33
"6403",2018-09-24,26,8,34
"6404",2018-09-24,26,7,33
"6405",2018-09-24,25,7,32
"6406",2018-09-24,23,8,31
"6407",2018-09-24,24,7,31
"6408",2018-09-24,24,6,30
"6409",2018-09-25,23,5,28
"6410",2018-09-25,23,5,28
"6411",2018-09-25,26,4,30
"6412",2018-09-25,27,3,30
"6413",2018-09-25,26,4,30
"6414",2018-09-25,21,8,29
"6415",2018-09-25,19,9,28
"6416",2018-09-25,16,12,28
"6417",2018-09-25,14,13,27
"6418",2018-09-25,16,10,26
"6419",2018-09-25,17,9,26
"6420",2018-09-25,18,7,25
"6421",2018-09-25,19,6,25
"6422",2018-09-25,17,8,25
"6423",2018-09-25,18,8,26
"6424",2018-09-25,19,7,26
"6425",2018-09-25,20,6,26
"6426",2018-09-25,21,5,26
"6427",2018-09-25,20,5,25
"6428",2018-09-25,20,6,26
"6429",2018-09-25,20,5,25
"6430",2018-09-25,18,4,22
"6431",2018-09-25,17,4,21
"6432",2018-09-25,17,4,21
"6433",2018-09-26,19,3,22
"6434",2018-09-26,22,2,24
"6435",2018-09-26,18,5,23
"6436",2018-09-26,16,5,21
"6437",2018-09-26,17,3,20
"6438",2018-09-26,15,5,20
"6439",2018-09-26,10,11,21
"6440",2018-09-26,8,17,25
"6441",2018-09-26,22,9,31
"6442",2018-09-26,27,7,34
"6443",2018-09-26,25,6,31
"6444",2018-09-26,25,4,29
"6445",2018-09-26,30,4,34
"6446",2018-09-26,32,3,35
"6447",2018-09-26,33,3,36
"6448",2018-09-26,33,3,36
"6449",2018-09-26,32,3,35
"6450",2018-09-26,30,4,34
"6451",2018-09-26,28,4,32
"6452",2018-09-26,24,5,29
"6453",2018-09-26,21,6,27
"6454",2018-09-26,20,7,27
"6455",2018-09-26,23,6,29
"6456",2018-09-26,19,9,28
"6457",2018-09-27,24,6,30
"6458",2018-09-27,15,13,28
"6459",2018-09-27,9,19,28
"6460",2018-09-27,7,20,27
"6461",2018-09-27,6,21,27
"6462",2018-09-27,2,26,28
"6463",2018-09-27,3,24,27
"6464",2018-09-27,5,23,28
"6465",2018-09-27,7,25,32
"6466",2018-09-27,19,16,35
"6467",2018-09-27,25,10,35
"6468",2018-09-27,26,9,35
"6469",2018-09-27,25,10,35
"6470",2018-09-27,29,8,37
"6471",2018-09-27,32,9,41
"6472",2018-09-27,34,7,41
"6473",2018-09-27,33,7,40
"6474",2018-09-27,32,7,39
"6475",2018-09-27,31,7,38
"6476",2018-09-27,27,8,35
"6477",2018-09-27,26,8,34
"6478",2018-09-27,25,7,32
"6479",2018-09-27,22,8,30
"6480",2018-09-27,20,9,29
"6481",2018-09-28,19,6,25
"6482",2018-09-28,20,7,27
"6483",2018-09-28,15,12,27
"6484",2018-09-28,8,21,29
"6485",2018-09-28,2,29,31
"6486",2018-09-28,1,28,29
"6487",2018-09-28,1,28,29
"6488",2018-09-28,4,30,34
"6489",2018-09-28,17,18,35
"6490",2018-09-28,23,13,36
"6491",2018-09-28,26,12,38
"6492",2018-09-28,37,6,43
"6493",2018-09-28,42,5,47
"6494",2018-09-28,45,6,51
"6495",2018-09-28,45,5,50
"6496",2018-09-28,40,8,48
"6497",2018-09-28,32,7,39
"6498",2018-09-28,27,6,33
"6499",2018-09-28,26,6,32
"6500",2018-09-28,28,5,33
"6501",2018-09-28,26,6,32
"6502",2018-09-28,26,7,33
"6503",2018-09-28,24,8,32
"6504",2018-09-28,23,8,31
"6505",2018-09-29,19,12,31
"6506",2018-09-29,24,8,32
"6507",2018-09-29,21,12,33
"6508",2018-09-29,21,8,29
"6509",2018-09-29,20,6,26
"6510",2018-09-29,17,6,23
"6511",2018-09-29,13,8,21
"6512",2018-09-29,12,9,21
"6513",2018-09-29,16,7,23
"6514",2018-09-29,21,5,26
"6515",2018-09-29,24,3,27
"6516",2018-09-29,26,3,29
"6517",2018-09-29,29,3,32
"6518",2018-09-29,31,3,34
"6519",2018-09-29,33,2,35
"6520",2018-09-29,33,3,36
"6521",2018-09-29,33,3,36
"6522",2018-09-29,31,4,35
"6523",2018-09-29,28,7,35
"6524",2018-09-29,25,10,35
"6525",2018-09-29,24,8,32
"6526",2018-09-29,22,8,30
"6527",2018-09-29,21,8,29
"6528",2018-09-29,22,7,29
"6529",2018-09-30,25,5,30
"6530",2018-09-30,24,7,31
"6531",2018-09-30,23,7,30
"6532",2018-09-30,NA,NA,NA
"6533",2018-09-30,22,8,30
"6534",2018-09-30,19,10,29
"6535",2018-09-30,10,18,28
"6536",2018-09-30,8,21,29
"6537",2018-09-30,12,18,30
"6538",2018-09-30,12,17,29
"6539",2018-09-30,18,11,29
"6540",2018-09-30,21,9,30
"6541",2018-09-30,24,7,31
"6542",2018-09-30,25,7,32
"6543",2018-09-30,29,6,35
"6544",2018-09-30,27,8,35
"6545",2018-09-30,23,10,33
"6546",2018-09-30,18,15,33
"6547",2018-09-30,16,16,32
"6548",2018-09-30,19,9,28
"6549",2018-09-30,17,10,27
"6550",2018-09-30,15,9,24
"6551",2018-09-30,16,8,24
"6552",2018-09-30,16,8,24
"6553",2018-10-01,19,5,24
"6554",2018-10-01,17,4,21
"6555",2018-10-01,18,5,23
"6556",2018-10-01,22,4,26
"6557",2018-10-01,21,5,26
"6558",2018-10-01,18,7,25
"6559",2018-10-01,15,11,26
"6560",2018-10-01,12,14,26
"6561",2018-10-01,16,13,29
"6562",2018-10-01,20,12,32
"6563",2018-10-01,19,10,29
"6564",2018-10-01,20,10,30
"6565",2018-10-01,20,12,32
"6566",2018-10-01,20,12,32
"6567",2018-10-01,21,11,32
"6568",2018-10-01,18,15,33
"6569",2018-10-01,16,14,30
"6570",2018-10-01,18,12,30
"6571",2018-10-01,24,7,31
"6572",2018-10-01,25,6,31
"6573",2018-10-01,25,5,30
"6574",2018-10-01,24,5,29
"6575",2018-10-01,25,4,29
"6576",2018-10-01,26,3,29
"6577",2018-10-02,16,8,24
"6578",2018-10-02,14,7,21
"6579",2018-10-02,16,5,21
"6580",2018-10-02,13,7,20
"6581",2018-10-02,12,7,19
"6582",2018-10-02,10,9,19
"6583",2018-10-02,12,8,20
"6584",2018-10-02,12,11,23
"6585",2018-10-02,12,12,24
"6586",2018-10-02,14,10,24
"6587",2018-10-02,12,10,22
"6588",2018-10-02,11,9,20
"6589",2018-10-02,11,8,19
"6590",2018-10-02,13,7,20
"6591",2018-10-02,12,8,20
"6592",2018-10-02,11,9,20
"6593",2018-10-02,5,14,19
"6594",2018-10-02,2,16,18
"6595",2018-10-02,3,11,14
"6596",2018-10-02,3,11,14
"6597",2018-10-02,7,8,15
"6598",2018-10-02,8,8,16
"6599",2018-10-02,6,9,15
"6600",2018-10-02,7,8,15
"6601",2018-10-03,8,8,16
"6602",2018-10-03,11,5,16
"6603",2018-10-03,12,4,16
"6604",2018-10-03,10,6,16
"6605",2018-10-03,11,5,16
"6606",2018-10-03,8,8,16
"6607",2018-10-03,6,12,18
"6608",2018-10-03,3,17,20
"6609",2018-10-03,3,18,21
"6610",2018-10-03,3,19,22
"6611",2018-10-03,3,20,23
"6612",2018-10-03,4,17,21
"6613",2018-10-03,14,11,25
"6614",2018-10-03,18,10,28
"6615",2018-10-03,20,8,28
"6616",2018-10-03,16,12,28
"6617",2018-10-03,16,12,28
"6618",2018-10-03,15,13,28
"6619",2018-10-03,12,16,28
"6620",2018-10-03,15,13,28
"6621",2018-10-03,18,9,27
"6622",2018-10-03,16,7,23
"6623",2018-10-03,10,8,18
"6624",2018-10-03,10,9,19
"6625",2018-10-04,15,9,24
"6626",2018-10-04,23,7,30
"6627",2018-10-04,25,4,29
"6628",2018-10-04,27,2,29
"6629",2018-10-04,22,6,28
"6630",2018-10-04,22,6,28
"6631",2018-10-04,22,6,28
"6632",2018-10-04,17,11,28
"6633",2018-10-04,14,11,25
"6634",2018-10-04,15,4,19
"6635",2018-10-04,16,4,20
"6636",2018-10-04,NA,NA,NA
"6637",2018-10-04,NA,NA,NA
"6638",2018-10-04,NA,NA,NA
"6639",2018-10-04,NA,NA,NA
"6640",2018-10-04,24,4,28
"6641",2018-10-04,22,4,26
"6642",2018-10-04,23,4,27
"6643",2018-10-04,21,5,26
"6644",2018-10-04,20,6,26
"6645",2018-10-04,19,6,25
"6646",2018-10-04,19,7,26
"6647",2018-10-04,19,7,26
"6648",2018-10-04,18,7,25
"6649",2018-10-05,18,6,24
"6650",2018-10-05,17,7,24
"6651",2018-10-05,17,6,23
"6652",2018-10-05,16,7,23
"6653",2018-10-05,15,8,23
"6654",2018-10-05,13,10,23
"6655",2018-10-05,10,14,24
"6656",2018-10-05,9,16,25
"6657",2018-10-05,12,13,25
"6658",2018-10-05,19,7,26
"6659",2018-10-05,21,6,27
"6660",2018-10-05,23,5,28
"6661",2018-10-05,24,6,30
"6662",2018-10-05,25,6,31
"6663",2018-10-05,24,7,31
"6664",2018-10-05,26,6,32
"6665",2018-10-05,26,7,33
"6666",2018-10-05,27,6,33
"6667",2018-10-05,27,6,33
"6668",2018-10-05,26,5,31
"6669",2018-10-05,25,4,29
"6670",2018-10-05,25,5,30
"6671",2018-10-05,26,5,31
"6672",2018-10-05,26,4,30
"6673",2018-10-06,25,3,28
"6674",2018-10-06,22,5,27
"6675",2018-10-06,18,7,25
"6676",2018-10-06,20,5,25
"6677",2018-10-06,20,4,24
"6678",2018-10-06,19,4,23
"6679",2018-10-06,15,7,22
"6680",2018-10-06,8,13,21
"6681",2018-10-06,11,10,21
"6682",2018-10-06,11,9,20
"6683",2018-10-06,10,10,20
"6684",2018-10-06,7,12,19
"6685",2018-10-06,6,13,19
"6686",2018-10-06,7,13,20
"6687",2018-10-06,7,12,19
"6688",2018-10-06,6,12,18
"6689",2018-10-06,4,14,18
"6690",2018-10-06,2,16,18
"6691",2018-10-06,1,19,20
"6692",2018-10-06,1,19,20
"6693",2018-10-06,2,15,17
"6694",2018-10-06,1,17,18
"6695",2018-10-06,1,15,16
"6696",2018-10-06,3,12,15
"6697",2018-10-07,11,6,17
"6698",2018-10-07,10,4,14
"6699",2018-10-07,10,4,14
"6700",2018-10-07,NA,NA,NA
"6701",2018-10-07,11,4,15
"6702",2018-10-07,8,5,13
"6703",2018-10-07,7,5,12
"6704",2018-10-07,8,5,13
"6705",2018-10-07,6,5,11
"6706",2018-10-07,4,5,9
"6707",2018-10-07,6,4,10
"6708",2018-10-07,7,4,11
"6709",2018-10-07,9,3,12
"6710",2018-10-07,14,3,17
"6711",2018-10-07,14,3,17
"6712",2018-10-07,13,3,16
"6713",2018-10-07,11,4,15
"6714",2018-10-07,11,5,16
"6715",2018-10-07,10,5,15
"6716",2018-10-07,10,4,14
"6717",2018-10-07,10,4,14
"6718",2018-10-07,14,3,17
"6719",2018-10-07,14,3,17
"6720",2018-10-07,15,3,18
"6721",2018-10-08,16,2,18
"6722",2018-10-08,15,2,17
"6723",2018-10-08,15,2,17
"6724",2018-10-08,15,2,17
"6725",2018-10-08,15,2,17
"6726",2018-10-08,14,2,16
"6727",2018-10-08,14,3,17
"6728",2018-10-08,14,3,17
"6729",2018-10-08,14,3,17
"6730",2018-10-08,17,4,21
"6731",2018-10-08,17,4,21
"6732",2018-10-08,16,3,19
"6733",2018-10-08,15,4,19
"6734",2018-10-08,14,4,18
"6735",2018-10-08,13,4,17
"6736",2018-10-08,11,5,16
"6737",2018-10-08,9,6,15
"6738",2018-10-08,10,5,15
"6739",2018-10-08,11,6,17
"6740",2018-10-08,11,6,17
"6741",2018-10-08,10,7,17
"6742",2018-10-08,9,8,17
"6743",2018-10-08,8,8,16
"6744",2018-10-08,5,10,15
"6745",2018-10-09,3,12,15
"6746",2018-10-09,7,7,14
"6747",2018-10-09,3,11,14
"6748",2018-10-09,1,11,12
"6749",2018-10-09,1,12,13
"6750",2018-10-09,2,13,15
"6751",2018-10-09,1,15,16
"6752",2018-10-09,2,18,20
"6753",2018-10-09,5,17,22
"6754",2018-10-09,10,13,23
"6755",2018-10-09,13,13,26
"6756",2018-10-09,19,12,31
"6757",2018-10-09,29,11,40
"6758",2018-10-09,36,8,44
"6759",2018-10-09,38,8,46
"6760",2018-10-09,40,9,49
"6761",2018-10-09,39,10,49
"6762",2018-10-09,39,9,48
"6763",2018-10-09,38,8,46
"6764",2018-10-09,35,9,44
"6765",2018-10-09,30,11,41
"6766",2018-10-09,29,11,40
"6767",2018-10-09,26,11,37
"6768",2018-10-09,29,8,37
"6769",2018-10-10,32,5,37
"6770",2018-10-10,31,4,35
"6771",2018-10-10,28,4,32
"6772",2018-10-10,24,5,29
"6773",2018-10-10,20,6,26
"6774",2018-10-10,17,6,23
"6775",2018-10-10,12,12,24
"6776",2018-10-10,14,11,25
"6777",2018-10-10,16,10,26
"6778",2018-10-10,20,8,28
"6779",2018-10-10,24,8,32
"6780",2018-10-10,29,9,38
"6781",2018-10-10,23,19,42
"6782",2018-10-10,28,16,44
"6783",2018-10-10,26,18,44
"6784",2018-10-10,28,17,45
"6785",2018-10-10,13,31,44
"6786",2018-10-10,25,16,41
"6787",2018-10-10,30,11,41
"6788",2018-10-10,34,7,41
"6789",2018-10-10,30,8,38
"6790",2018-10-10,24,12,36
"6791",2018-10-10,30,4,34
"6792",2018-10-10,32,3,35
"6793",2018-10-11,31,3,34
"6794",2018-10-11,25,3,28
"6795",2018-10-11,20,3,23
"6796",2018-10-11,17,4,21
"6797",2018-10-11,16,6,22
"6798",2018-10-11,16,6,22
"6799",2018-10-11,11,9,20
"6800",2018-10-11,6,15,21
"6801",2018-10-11,18,9,27
"6802",2018-10-11,21,8,29
"6803",2018-10-11,22,6,28
"6804",2018-10-11,19,5,24
"6805",2018-10-11,18,5,23
"6806",2018-10-11,17,4,21
"6807",2018-10-11,16,5,21
"6808",2018-10-11,16,6,22
"6809",2018-10-11,17,5,22
"6810",2018-10-11,18,5,23
"6811",2018-10-11,19,4,23
"6812",2018-10-11,20,3,23
"6813",2018-10-11,19,4,23
"6814",2018-10-11,20,3,23
"6815",2018-10-11,19,3,22
"6816",2018-10-11,20,2,22
"6817",2018-10-12,20,2,22
"6818",2018-10-12,19,3,22
"6819",2018-10-12,19,3,22
"6820",2018-10-12,19,3,22
"6821",2018-10-12,20,3,23
"6822",2018-10-12,19,5,24
"6823",2018-10-12,16,8,24
"6824",2018-10-12,18,8,26
"6825",2018-10-12,22,6,28
"6826",2018-10-12,27,4,31
"6827",2018-10-12,27,5,32
"6828",2018-10-12,26,5,31
"6829",2018-10-12,28,4,32
"6830",2018-10-12,30,4,34
"6831",2018-10-12,29,4,33
"6832",2018-10-12,31,4,35
"6833",2018-10-12,30,5,35
"6834",2018-10-12,31,5,36
"6835",2018-10-12,31,5,36
"6836",2018-10-12,27,6,33
"6837",2018-10-12,26,5,31
"6838",2018-10-12,22,8,30
"6839",2018-10-12,20,9,29
"6840",2018-10-12,20,8,28
"6841",2018-10-13,22,6,28
"6842",2018-10-13,24,4,28
"6843",2018-10-13,25,4,29
"6844",2018-10-13,24,6,30
"6845",2018-10-13,22,8,30
"6846",2018-10-13,20,9,29
"6847",2018-10-13,18,10,28
"6848",2018-10-13,17,11,28
"6849",2018-10-13,17,16,33
"6850",2018-10-13,21,15,36
"6851",2018-10-13,30,6,36
"6852",2018-10-13,27,7,34
"6853",2018-10-13,28,5,33
"6854",2018-10-13,30,4,34
"6855",2018-10-13,31,4,35
"6856",2018-10-13,31,4,35
"6857",2018-10-13,31,5,36
"6858",2018-10-13,29,6,35
"6859",2018-10-13,28,7,35
"6860",2018-10-13,25,11,36
"6861",2018-10-13,22,12,34
"6862",2018-10-13,19,13,32
"6863",2018-10-13,17,15,32
"6864",2018-10-13,15,17,32
"6865",2018-10-14,6,25,31
"6866",2018-10-14,3,30,33
"6867",2018-10-14,6,27,33
"6868",2018-10-14,NA,NA,NA
"6869",2018-10-14,4,30,34
"6870",2018-10-14,1,30,31
"6871",2018-10-14,1,33,34
"6872",2018-10-14,3,32,35
"6873",2018-10-14,6,29,35
"6874",2018-10-14,15,17,32
"6875",2018-10-14,19,16,35
"6876",2018-10-14,30,8,38
"6877",2018-10-14,33,6,39
"6878",2018-10-14,36,4,40
"6879",2018-10-14,38,4,42
"6880",2018-10-14,37,4,41
"6881",2018-10-14,37,5,42
"6882",2018-10-14,36,5,41
"6883",2018-10-14,35,5,40
"6884",2018-10-14,35,5,40
"6885",2018-10-14,33,7,40
"6886",2018-10-14,33,7,40
"6887",2018-10-14,30,9,39
"6888",2018-10-14,25,13,38
"6889",2018-10-15,19,18,37
"6890",2018-10-15,21,14,35
"6891",2018-10-15,15,19,34
"6892",2018-10-15,12,20,32
"6893",2018-10-15,10,19,29
"6894",2018-10-15,6,22,28
"6895",2018-10-15,5,24,29
"6896",2018-10-15,6,23,29
"6897",2018-10-15,19,10,29
"6898",2018-10-15,15,12,27
"6899",2018-10-15,10,15,25
"6900",2018-10-15,9,18,27
"6901",2018-10-15,16,13,29
"6902",2018-10-15,25,7,32
"6903",2018-10-15,27,5,32
"6904",2018-10-15,20,5,25
"6905",2018-10-15,21,4,25
"6906",2018-10-15,26,5,31
"6907",2018-10-15,28,4,32
"6908",2018-10-15,28,3,31
"6909",2018-10-15,26,4,30
"6910",2018-10-15,24,4,28
"6911",2018-10-15,19,8,27
"6912",2018-10-15,17,10,27
"6913",2018-10-16,15,11,26
"6914",2018-10-16,17,9,26
"6915",2018-10-16,17,7,24
"6916",2018-10-16,15,10,25
"6917",2018-10-16,12,13,25
"6918",2018-10-16,8,16,24
"6919",2018-10-16,5,19,24
"6920",2018-10-16,8,16,24
"6921",2018-10-16,9,16,25
"6922",2018-10-16,18,9,27
"6923",2018-10-16,23,6,29
"6924",2018-10-16,23,7,30
"6925",2018-10-16,26,6,32
"6926",2018-10-16,29,6,35
"6927",2018-10-16,31,6,37
"6928",2018-10-16,32,6,38
"6929",2018-10-16,32,8,40
"6930",2018-10-16,29,9,38
"6931",2018-10-16,25,12,37
"6932",2018-10-16,27,10,37
"6933",2018-10-16,27,10,37
"6934",2018-10-16,25,11,36
"6935",2018-10-16,24,11,35
"6936",2018-10-16,23,12,35
"6937",2018-10-17,23,11,34
"6938",2018-10-17,22,12,34
"6939",2018-10-17,24,9,33
"6940",2018-10-17,20,12,32
"6941",2018-10-17,13,19,32
"6942",2018-10-17,8,24,32
"6943",2018-10-17,10,20,30
"6944",2018-10-17,16,10,26
"6945",2018-10-17,19,9,28
"6946",2018-10-17,21,8,29
"6947",2018-10-17,23,5,28
"6948",2018-10-17,23,5,28
"6949",2018-10-17,25,5,30
"6950",2018-10-17,26,5,31
"6951",2018-10-17,27,5,32
"6952",2018-10-17,27,5,32
"6953",2018-10-17,27,6,33
"6954",2018-10-17,27,7,34
"6955",2018-10-17,25,9,34
"6956",2018-10-17,25,8,33
"6957",2018-10-17,20,12,32
"6958",2018-10-17,15,16,31
"6959",2018-10-17,20,11,31
"6960",2018-10-17,24,7,31
"6961",2018-10-18,26,4,30
"6962",2018-10-18,24,5,29
"6963",2018-10-18,22,7,29
"6964",2018-10-18,19,10,29
"6965",2018-10-18,18,11,29
"6966",2018-10-18,10,20,30
"6967",2018-10-18,5,26,31
"6968",2018-10-18,6,25,31
"6969",2018-10-18,15,15,30
"6970",2018-10-18,14,16,30
"6971",2018-10-18,14,16,30
"6972",2018-10-18,17,12,29
"6973",2018-10-18,24,8,32
"6974",2018-10-18,27,7,34
"6975",2018-10-18,29,6,35
"6976",2018-10-18,28,8,36
"6977",2018-10-18,28,9,37
"6978",2018-10-18,27,9,36
"6979",2018-10-18,23,13,36
"6980",2018-10-18,19,17,36
"6981",2018-10-18,21,13,34
"6982",2018-10-18,21,13,34
"6983",2018-10-18,21,12,33
"6984",2018-10-18,21,12,33
"6985",2018-10-19,17,16,33
"6986",2018-10-19,22,12,34
"6987",2018-10-19,19,15,34
"6988",2018-10-19,17,16,33
"6989",2018-10-19,16,16,32
"6990",2018-10-19,16,16,32
"6991",2018-10-19,11,22,33
"6992",2018-10-19,12,21,33
"6993",2018-10-19,17,15,32
"6994",2018-10-19,20,13,33
"6995",2018-10-19,23,12,35
"6996",2018-10-19,23,12,35
"6997",2018-10-19,21,17,38
"6998",2018-10-19,31,10,41
"6999",2018-10-19,29,12,41
"7000",2018-10-19,31,11,42
"7001",2018-10-19,33,10,43
"7002",2018-10-19,33,9,42
"7003",2018-10-19,33,9,42
"7004",2018-10-19,33,9,42
"7005",2018-10-19,32,8,40
"7006",2018-10-19,33,7,40
"7007",2018-10-19,30,6,36
"7008",2018-10-19,31,6,37
"7009",2018-10-20,29,6,35
"7010",2018-10-20,26,5,31
"7011",2018-10-20,22,6,28
"7012",2018-10-20,22,7,29
"7013",2018-10-20,20,12,32
"7014",2018-10-20,18,13,31
"7015",2018-10-20,18,12,30
"7016",2018-10-20,17,13,30
"7017",2018-10-20,20,9,29
"7018",2018-10-20,23,8,31
"7019",2018-10-20,28,5,33
"7020",2018-10-20,28,5,33
"7021",2018-10-20,29,5,34
"7022",2018-10-20,29,5,34
"7023",2018-10-20,30,3,33
"7024",2018-10-20,26,8,34
"7025",2018-10-20,17,18,35
"7026",2018-10-20,22,9,31
"7027",2018-10-20,24,4,28
"7028",2018-10-20,24,4,28
"7029",2018-10-20,22,5,27
"7030",2018-10-20,19,4,23
"7031",2018-10-20,18,4,22
"7032",2018-10-20,18,3,21
"7033",2018-10-21,18,3,21
"7034",2018-10-21,22,2,24
"7035",2018-10-21,25,3,28
"7036",2018-10-21,NA,NA,NA
"7037",2018-10-21,27,3,30
"7038",2018-10-21,28,4,32
"7039",2018-10-21,26,5,31
"7040",2018-10-21,26,6,32
"7041",2018-10-21,27,4,31
"7042",2018-10-21,23,6,29
"7043",2018-10-21,27,3,30
"7044",2018-10-21,27,3,30
"7045",2018-10-21,29,4,33
"7046",2018-10-21,27,4,31
"7047",2018-10-21,27,5,32
"7048",2018-10-21,27,5,32
"7049",2018-10-21,25,7,32
"7050",2018-10-21,25,6,31
"7051",2018-10-21,22,9,31
"7052",2018-10-21,23,10,33
"7053",2018-10-21,23,8,31
"7054",2018-10-21,22,8,30
"7055",2018-10-21,20,9,29
"7056",2018-10-21,18,10,28
"7057",2018-10-22,18,10,28
"7058",2018-10-22,20,7,27
"7059",2018-10-22,20,8,28
"7060",2018-10-22,19,9,28
"7061",2018-10-22,18,10,28
"7062",2018-10-22,15,13,28
"7063",2018-10-22,8,20,28
"7064",2018-10-22,6,23,29
"7065",2018-10-22,5,24,29
"7066",2018-10-22,10,19,29
"7067",2018-10-22,13,18,31
"7068",2018-10-22,14,18,32
"7069",2018-10-22,17,15,32
"7070",2018-10-22,19,14,33
"7071",2018-10-22,22,12,34
"7072",2018-10-22,10,27,37
"7073",2018-10-22,8,30,38
"7074",2018-10-22,10,26,36
"7075",2018-10-22,6,31,37
"7076",2018-10-22,4,32,36
"7077",2018-10-22,9,24,33
"7078",2018-10-22,7,28,35
"7079",2018-10-22,2,33,35
"7080",2018-10-22,1,33,34
"7081",2018-10-23,1,34,35
"7082",2018-10-23,1,35,36
"7083",2018-10-23,2,30,32
"7084",2018-10-23,1,28,29
"7085",2018-10-23,1,29,30
"7086",2018-10-23,1,29,30
"7087",2018-10-23,1,29,30
"7088",2018-10-23,2,26,28
"7089",2018-10-23,6,24,30
"7090",2018-10-23,6,27,33
"7091",2018-10-23,14,22,36
"7092",2018-10-23,19,16,35
"7093",2018-10-23,23,16,39
"7094",2018-10-23,21,11,32
"7095",2018-10-23,21,7,28
"7096",2018-10-23,21,7,28
"7097",2018-10-23,21,6,27
"7098",2018-10-23,15,11,26
"7099",2018-10-23,13,11,24
"7100",2018-10-23,16,8,24
"7101",2018-10-23,9,16,25
"7102",2018-10-23,14,8,22
"7103",2018-10-23,16,5,21
"7104",2018-10-23,15,5,20
"7105",2018-10-24,13,5,18
"7106",2018-10-24,9,7,16
"7107",2018-10-24,8,7,15
"7108",2018-10-24,7,5,12
"7109",2018-10-24,6,6,12
"7110",2018-10-24,4,10,14
"7111",2018-10-24,2,14,16
"7112",2018-10-24,3,14,17
"7113",2018-10-24,11,8,19
"7114",2018-10-24,13,7,20
"7115",2018-10-24,17,6,23
"7116",2018-10-24,19,6,25
"7117",2018-10-24,21,6,27
"7118",2018-10-24,23,5,28
"7119",2018-10-24,22,6,28
"7120",2018-10-24,25,6,31
"7121",2018-10-24,24,6,30
"7122",2018-10-24,21,8,29
"7123",2018-10-24,21,9,30
"7124",2018-10-24,22,9,31
"7125",2018-10-24,25,8,33
"7126",2018-10-24,25,6,31
"7127",2018-10-24,24,6,30
"7128",2018-10-24,23,7,30
"7129",2018-10-25,24,5,29
"7130",2018-10-25,22,6,28
"7131",2018-10-25,18,9,27
"7132",2018-10-25,18,10,28
"7133",2018-10-25,15,12,27
"7134",2018-10-25,14,13,27
"7135",2018-10-25,4,24,28
"7136",2018-10-25,5,25,30
"7137",2018-10-25,10,18,28
"7138",2018-10-25,14,15,29
"7139",2018-10-25,15,14,29
"7140",2018-10-25,16,14,30
"7141",2018-10-25,15,14,29
"7142",2018-10-25,16,12,28
"7143",2018-10-25,17,11,28
"7144",2018-10-25,16,12,28
"7145",2018-10-25,13,16,29
"7146",2018-10-25,3,29,32
"7147",2018-10-25,6,27,33
"7148",2018-10-25,2,31,33
"7149",2018-10-25,3,29,32
"7150",2018-10-25,7,22,29
"7151",2018-10-25,7,21,28
"7152",2018-10-25,9,18,27
"7153",2018-10-26,9,19,28
"7154",2018-10-26,14,14,28
"7155",2018-10-26,13,15,28
"7156",2018-10-26,14,13,27
"7157",2018-10-26,13,14,27
"7158",2018-10-26,12,14,26
"7159",2018-10-26,12,15,27
"7160",2018-10-26,10,16,26
"7161",2018-10-26,8,19,27
"7162",2018-10-26,11,18,29
"7163",2018-10-26,13,16,29
"7164",2018-10-26,18,10,28
"7165",2018-10-26,20,8,28
"7166",2018-10-26,19,8,27
"7167",2018-10-26,20,8,28
"7168",2018-10-26,22,8,30
"7169",2018-10-26,23,7,30
"7170",2018-10-26,23,7,30
"7171",2018-10-26,23,6,29
"7172",2018-10-26,25,5,30
"7173",2018-10-26,23,6,29
"7174",2018-10-26,22,6,28
"7175",2018-10-26,22,6,28
"7176",2018-10-26,20,7,27
"7177",2018-10-27,21,6,27
"7178",2018-10-27,23,4,27
"7179",2018-10-27,22,6,28
"7180",2018-10-27,22,5,27
"7181",2018-10-27,22,6,28
"7182",2018-10-27,23,6,29
"7183",2018-10-27,20,9,29
"7184",2018-10-27,15,13,28
"7185",2018-10-27,15,13,28
"7186",2018-10-27,18,10,28
"7187",2018-10-27,21,7,28
"7188",2018-10-27,22,6,28
"7189",2018-10-27,23,6,29
"7190",2018-10-27,23,7,30
"7191",2018-10-27,23,8,31
"7192",2018-10-27,22,9,31
"7193",2018-10-27,20,11,31
"7194",2018-10-27,21,10,31
"7195",2018-10-27,19,11,30
"7196",2018-10-27,18,12,30
"7197",2018-10-27,19,11,30
"7198",2018-10-27,17,11,28
"7199",2018-10-27,16,12,28
"7200",2018-10-27,14,13,27
"7201",2018-10-28,14,13,27
"7202",2018-10-28,10,18,28
"7203",2018-10-28,12,15,27
"7204",2018-10-28,NA,NA,NA
"7205",2018-10-28,13,12,25
"7206",2018-10-28,13,11,24
"7207",2018-10-28,12,14,26
"7208",2018-10-28,11,15,26
"7209",2018-10-28,9,16,25
"7210",2018-10-28,11,16,27
"7211",2018-10-28,13,13,26
"7212",2018-10-28,15,10,25
"7213",2018-10-28,15,8,23
"7214",2018-10-28,14,8,22
"7215",2018-10-28,15,8,23
"7216",2018-10-28,14,9,23
"7217",2018-10-28,8,17,25
"7218",2018-10-28,7,17,24
"7219",2018-10-28,8,17,25
"7220",2018-10-28,8,17,25
"7221",2018-10-28,9,16,25
"7222",2018-10-28,7,17,24
"7223",2018-10-28,6,18,24
"7224",2018-10-28,4,19,23
"7225",2018-10-29,3,19,22
"7226",2018-10-29,16,8,24
"7227",2018-10-29,19,6,25
"7228",2018-10-29,14,11,25
"7229",2018-10-29,12,15,27
"7230",2018-10-29,9,17,26
"7231",2018-10-29,8,16,24
"7232",2018-10-29,3,23,26
"7233",2018-10-29,15,15,30
"7234",2018-10-29,20,12,32
"7235",2018-10-29,19,12,31
"7236",2018-10-29,19,11,30
"7237",2018-10-29,24,7,31
"7238",2018-10-29,29,6,35
"7239",2018-10-29,29,7,36
"7240",2018-10-29,30,7,37
"7241",2018-10-29,31,7,38
"7242",2018-10-29,28,9,37
"7243",2018-10-29,25,12,37
"7244",2018-10-29,22,13,35
"7245",2018-10-29,21,14,35
"7246",2018-10-29,19,15,34
"7247",2018-10-29,17,16,33
"7248",2018-10-29,9,24,33
"7249",2018-10-30,7,26,33
"7250",2018-10-30,8,24,32
"7251",2018-10-30,9,22,31
"7252",2018-10-30,6,24,30
"7253",2018-10-30,2,29,31
"7254",2018-10-30,1,31,32
"7255",2018-10-30,1,31,32
"7256",2018-10-30,2,34,36
"7257",2018-10-30,2,36,38
"7258",2018-10-30,8,30,38
"7259",2018-10-30,12,28,40
"7260",2018-10-30,17,21,38
"7261",2018-10-30,21,14,35
"7262",2018-10-30,24,12,36
"7263",2018-10-30,24,12,36
"7264",2018-10-30,22,16,38
"7265",2018-10-30,21,20,41
"7266",2018-10-30,23,17,40
"7267",2018-10-30,18,20,38
"7268",2018-10-30,18,19,37
"7269",2018-10-30,9,29,38
"7270",2018-10-30,14,22,36
"7271",2018-10-30,13,23,36
"7272",2018-10-30,17,17,34
"7273",2018-10-31,22,10,32
"7274",2018-10-31,23,8,31
"7275",2018-10-31,21,8,29
"7276",2018-10-31,19,10,29
"7277",2018-10-31,19,9,28
"7278",2018-10-31,16,14,30
"7279",2018-10-31,12,18,30
"7280",2018-10-31,9,21,30
"7281",2018-10-31,3,29,32
"7282",2018-10-31,6,28,34
"7283",2018-10-31,15,18,33
"7284",2018-10-31,8,25,33
"7285",2018-10-31,5,28,33
"7286",2018-10-31,3,30,33
"7287",2018-10-31,4,26,30
"7288",2018-10-31,14,12,26
"7289",2018-10-31,17,11,28
"7290",2018-10-31,17,12,29
"7291",2018-10-31,15,15,30
"7292",2018-10-31,11,18,29
"7293",2018-10-31,11,17,28
"7294",2018-10-31,7,21,28
"7295",2018-10-31,2,29,31
"7296",2018-10-31,2,27,29
"7297",2018-11-01,4,24,28
"7298",2018-11-01,2,26,28
"7299",2018-11-01,1,27,28
"7300",2018-11-01,1,27,28
"7301",2018-11-01,1,27,28
"7302",2018-11-01,1,28,29
"7303",2018-11-01,1,31,32
"7304",2018-11-01,1,33,34
"7305",2018-11-01,2,31,33
"7306",2018-11-01,10,18,28
"7307",2018-11-01,13,15,28
"7308",2018-11-01,14,13,27
"7309",2018-11-01,15,14,29
"7310",2018-11-01,17,16,33
"7311",2018-11-01,23,13,36
"7312",2018-11-01,17,18,35
"7313",2018-11-01,22,13,35
"7314",2018-11-01,26,10,36
"7315",2018-11-01,28,9,37
"7316",2018-11-01,23,13,36
"7317",2018-11-01,21,12,33
"7318",2018-11-01,24,9,33
"7319",2018-11-01,28,7,35
"7320",2018-11-01,28,6,34
"7321",2018-11-02,27,6,33
"7322",2018-11-02,27,6,33
"7323",2018-11-02,24,5,29
"7324",2018-11-02,25,5,30
"7325",2018-11-02,22,8,30
"7326",2018-11-02,20,11,31
"7327",2018-11-02,17,13,30
"7328",2018-11-02,14,14,28
"7329",2018-11-02,13,13,26
"7330",2018-11-02,12,15,27
"7331",2018-11-02,14,14,28
"7332",2018-11-02,13,15,28
"7333",2018-11-02,11,15,26
"7334",2018-11-02,12,13,25
"7335",2018-11-02,13,11,24
"7336",2018-11-02,12,11,23
"7337",2018-11-02,11,12,23
"7338",2018-11-02,12,12,24
"7339",2018-11-02,12,14,26
"7340",2018-11-02,10,15,25
"7341",2018-11-02,11,14,25
"7342",2018-11-02,10,13,23
"7343",2018-11-02,8,14,22
"7344",2018-11-02,10,11,21
"7345",2018-11-03,11,9,20
"7346",2018-11-03,10,9,19
"7347",2018-11-03,7,8,15
"7348",2018-11-03,6,7,13
"7349",2018-11-03,5,7,12
"7350",2018-11-03,4,7,11
"7351",2018-11-03,3,8,11
"7352",2018-11-03,4,8,12
"7353",2018-11-03,4,8,12
"7354",2018-11-03,10,6,16
"7355",2018-11-03,16,4,20
"7356",2018-11-03,19,3,22
"7357",2018-11-03,19,4,23
"7358",2018-11-03,17,5,22
"7359",2018-11-03,20,4,24
"7360",2018-11-03,21,4,25
"7361",2018-11-03,19,6,25
"7362",2018-11-03,21,5,26
"7363",2018-11-03,18,8,26
"7364",2018-11-03,18,8,26
"7365",2018-11-03,20,7,27
"7366",2018-11-03,21,6,27
"7367",2018-11-03,19,7,26
"7368",2018-11-03,16,9,25
"7369",2018-11-04,11,15,26
"7370",2018-11-04,5,20,25
"7371",2018-11-04,3,23,26
"7372",2018-11-04,NA,NA,NA
"7373",2018-11-04,3,22,25
"7374",2018-11-04,4,21,25
"7375",2018-11-04,7,19,26
"7376",2018-11-04,5,27,32
"7377",2018-11-04,5,26,31
"7378",2018-11-04,18,14,32
"7379",2018-11-04,25,6,31
"7380",2018-11-04,25,4,29
"7381",2018-11-04,26,4,30
"7382",2018-11-04,27,4,31
"7383",2018-11-04,25,4,29
"7384",2018-11-04,25,5,30
"7385",2018-11-04,26,5,31
"7386",2018-11-04,25,5,30
"7387",2018-11-04,25,5,30
"7388",2018-11-04,24,5,29
"7389",2018-11-04,25,4,29
"7390",2018-11-04,23,5,28
"7391",2018-11-04,22,5,27
"7392",2018-11-04,20,6,26
"7393",2018-11-05,20,6,26
"7394",2018-11-05,19,6,25
"7395",2018-11-05,19,7,26
"7396",2018-11-05,20,6,26
"7397",2018-11-05,19,7,26
"7398",2018-11-05,19,8,27
"7399",2018-11-05,17,12,29
"7400",2018-11-05,14,16,30
"7401",2018-11-05,10,22,32
"7402",2018-11-05,8,24,32
"7403",2018-11-05,10,22,32
"7404",2018-11-05,16,16,32
"7405",2018-11-05,16,15,31
"7406",2018-11-05,19,11,30
"7407",2018-11-05,18,13,31
"7408",2018-11-05,15,17,32
"7409",2018-11-05,1,35,36
"7410",2018-11-05,1,35,36
"7411",2018-11-05,8,26,34
"7412",2018-11-05,13,19,32
"7413",2018-11-05,15,18,33
"7414",2018-11-05,15,17,32
"7415",2018-11-05,12,19,31
"7416",2018-11-05,13,15,28
"7417",2018-11-06,14,14,28
"7418",2018-11-06,13,12,25
"7419",2018-11-06,14,11,25
"7420",2018-11-06,16,7,23
"7421",2018-11-06,16,6,22
"7422",2018-11-06,17,6,23
"7423",2018-11-06,16,7,23
"7424",2018-11-06,14,9,23
"7425",2018-11-06,12,11,23
"7426",2018-11-06,9,15,24
"7427",2018-11-06,7,19,26
"7428",2018-11-06,19,8,27
"7429",2018-11-06,25,6,31
"7430",2018-11-06,30,4,34
"7431",2018-11-06,25,4,29
"7432",2018-11-06,23,5,28
"7433",2018-11-06,23,5,28
"7434",2018-11-06,21,5,26
"7435",2018-11-06,16,5,21
"7436",2018-11-06,14,5,19
"7437",2018-11-06,11,6,17
"7438",2018-11-06,10,7,17
"7439",2018-11-06,11,7,18
"7440",2018-11-06,14,8,22
"7441",2018-11-07,16,7,23
"7442",2018-11-07,15,7,22
"7443",2018-11-07,14,7,21
"7444",2018-11-07,14,7,21
"7445",2018-11-07,13,6,19
"7446",2018-11-07,11,7,18
"7447",2018-11-07,11,7,18
"7448",2018-11-07,10,10,20
"7449",2018-11-07,10,11,21
"7450",2018-11-07,14,8,22
"7451",2018-11-07,15,9,24
"7452",2018-11-07,16,8,24
"7453",2018-11-07,19,7,26
"7454",2018-11-07,17,6,23
"7455",2018-11-07,13,9,22
"7456",2018-11-07,14,6,20
"7457",2018-11-07,13,7,20
"7458",2018-11-07,12,7,19
"7459",2018-11-07,12,8,20
"7460",2018-11-07,14,7,21
"7461",2018-11-07,14,6,20
"7462",2018-11-07,16,5,21
"7463",2018-11-07,16,5,21
"7464",2018-11-07,17,4,21
"7465",2018-11-08,16,5,21
"7466",2018-11-08,14,6,20
"7467",2018-11-08,14,6,20
"7468",2018-11-08,13,7,20
"7469",2018-11-08,10,8,18
"7470",2018-11-08,9,9,18
"7471",2018-11-08,9,10,19
"7472",2018-11-08,7,13,20
"7473",2018-11-08,6,13,19
"7474",2018-11-08,8,10,18
"7475",2018-11-08,9,10,19
"7476",2018-11-08,12,9,21
"7477",2018-11-08,15,8,23
"7478",2018-11-08,17,7,24
"7479",2018-11-08,17,7,24
"7480",2018-11-08,17,7,24
"7481",2018-11-08,15,10,25
"7482",2018-11-08,14,11,25
"7483",2018-11-08,13,12,25
"7484",2018-11-08,16,9,25
"7485",2018-11-08,15,11,26
"7486",2018-11-08,18,8,26
"7487",2018-11-08,19,9,28
"7488",2018-11-08,19,10,29
"7489",2018-11-09,24,6,30
"7490",2018-11-09,17,13,30
"7491",2018-11-09,16,14,30
"7492",2018-11-09,14,16,30
"7493",2018-11-09,10,20,30
"7494",2018-11-09,13,15,28
"7495",2018-11-09,14,12,26
"7496",2018-11-09,16,10,26
"7497",2018-11-09,17,8,25
"7498",2018-11-09,15,9,24
"7499",2018-11-09,15,8,23
"7500",2018-11-09,15,9,24
"7501",2018-11-09,13,11,24
"7502",2018-11-09,14,11,25
"7503",2018-11-09,13,11,24
"7504",2018-11-09,12,10,22
"7505",2018-11-09,8,14,22
"7506",2018-11-09,8,15,23
"7507",2018-11-09,10,12,22
"7508",2018-11-09,11,10,21
"7509",2018-11-09,10,10,20
"7510",2018-11-09,8,11,19
"7511",2018-11-09,10,10,20
"7512",2018-11-09,12,9,21
"7513",2018-11-10,12,8,20
"7514",2018-11-10,20,4,24
"7515",2018-11-10,23,3,26
"7516",2018-11-10,27,3,30
"7517",2018-11-10,28,3,31
"7518",2018-11-10,29,3,32
"7519",2018-11-10,28,4,32
"7520",2018-11-10,26,5,31
"7521",2018-11-10,23,7,30
"7522",2018-11-10,26,5,31
"7523",2018-11-10,24,6,30
"7524",2018-11-10,23,5,28
"7525",2018-11-10,20,7,27
"7526",2018-11-10,17,9,26
"7527",2018-11-10,21,7,28
"7528",2018-11-10,25,4,29
"7529",2018-11-10,25,4,29
"7530",2018-11-10,27,4,31
"7531",2018-11-10,24,7,31
"7532",2018-11-10,25,7,32
"7533",2018-11-10,24,8,32
"7534",2018-11-10,20,12,32
"7535",2018-11-10,21,10,31
"7536",2018-11-10,22,8,30
"7537",2018-11-11,20,10,30
"7538",2018-11-11,25,6,31
"7539",2018-11-11,22,9,31
"7540",2018-11-11,NA,NA,NA
"7541",2018-11-11,15,14,29
"7542",2018-11-11,13,16,29
"7543",2018-11-11,16,14,30
"7544",2018-11-11,16,14,30
"7545",2018-11-11,16,15,31
"7546",2018-11-11,19,9,28
"7547",2018-11-11,23,6,29
"7548",2018-11-11,23,6,29
"7549",2018-11-11,24,4,28
"7550",2018-11-11,25,5,30
"7551",2018-11-11,23,7,30
"7552",2018-11-11,22,6,28
"7553",2018-11-11,20,7,27
"7554",2018-11-11,19,7,26
"7555",2018-11-11,19,8,27
"7556",2018-11-11,15,11,26
"7557",2018-11-11,14,12,26
"7558",2018-11-11,13,13,26
"7559",2018-11-11,13,13,26
"7560",2018-11-11,16,9,25
"7561",2018-11-12,16,10,26
"7562",2018-11-12,10,16,26
"7563",2018-11-12,9,18,27
"7564",2018-11-12,11,16,27
"7565",2018-11-12,9,18,27
"7566",2018-11-12,6,23,29
"7567",2018-11-12,5,23,28
"7568",2018-11-12,5,23,28
"7569",2018-11-12,4,27,31
"7570",2018-11-12,5,26,31
"7571",2018-11-12,11,18,29
"7572",2018-11-12,13,16,29
"7573",2018-11-12,15,15,30
"7574",2018-11-12,17,15,32
"7575",2018-11-12,13,19,32
"7576",2018-11-12,14,16,30
"7577",2018-11-12,15,16,31
"7578",2018-11-12,13,17,30
"7579",2018-11-12,14,15,29
"7580",2018-11-12,14,14,28
"7581",2018-11-12,12,17,29
"7582",2018-11-12,11,17,28
"7583",2018-11-12,15,10,25
"7584",2018-11-12,8,20,28
"7585",2018-11-13,9,19,28
"7586",2018-11-13,15,13,28
"7587",2018-11-13,10,16,26
"7588",2018-11-13,10,16,26
"7589",2018-11-13,15,14,29
"7590",2018-11-13,16,12,28
"7591",2018-11-13,9,18,27
"7592",2018-11-13,8,18,26
"7593",2018-11-13,11,15,26
"7594",2018-11-13,17,11,28
"7595",2018-11-13,17,13,30
"7596",2018-11-13,22,9,31
"7597",2018-11-13,23,7,30
"7598",2018-11-13,22,8,30
"7599",2018-11-13,22,9,31
"7600",2018-11-13,23,8,31
"7601",2018-11-13,20,11,31
"7602",2018-11-13,17,15,32
"7603",2018-11-13,NA,NA,NA
"7604",2018-11-13,26,8,34
"7605",2018-11-13,28,5,33
"7606",2018-11-13,29,5,34
"7607",2018-11-13,27,7,34
"7608",2018-11-13,29,5,34
"7609",2018-11-14,29,4,33
"7610",2018-11-14,27,6,33
"7611",2018-11-14,25,8,33
"7612",2018-11-14,24,9,33
"7613",2018-11-14,23,11,34
"7614",2018-11-14,27,7,34
"7615",2018-11-14,25,10,35
"7616",2018-11-14,23,12,35
"7617",2018-11-14,24,12,36
"7618",2018-11-14,14,23,37
"7619",2018-11-14,14,23,37
"7620",2018-11-14,21,15,36
"7621",2018-11-14,24,11,35
"7622",2018-11-14,27,8,35
"7623",2018-11-14,28,7,35
"7624",2018-11-14,27,7,34
"7625",2018-11-14,22,14,36
"7626",2018-11-14,16,20,36
"7627",2018-11-14,17,18,35
"7628",2018-11-14,14,22,36
"7629",2018-11-14,14,23,37
"7630",2018-11-14,12,25,37
"7631",2018-11-14,10,27,37
"7632",2018-11-14,12,24,36
"7633",2018-11-15,17,18,35
"7634",2018-11-15,15,19,34
"7635",2018-11-15,14,21,35
"7636",2018-11-15,16,19,35
"7637",2018-11-15,9,24,33
"7638",2018-11-15,22,12,34
"7639",2018-11-15,24,10,34
"7640",2018-11-15,23,12,35
"7641",2018-11-15,22,13,35
"7642",2018-11-15,23,13,36
"7643",2018-11-15,24,11,35
"7644",2018-11-15,21,13,34
"7645",2018-11-15,17,16,33
"7646",2018-11-15,16,18,34
"7647",2018-11-15,15,18,33
"7648",2018-11-15,17,16,33
"7649",2018-11-15,15,17,32
"7650",2018-11-15,18,13,31
"7651",2018-11-15,20,12,32
"7652",2018-11-15,19,12,31
"7653",2018-11-15,18,12,30
"7654",2018-11-15,18,12,30
"7655",2018-11-15,19,11,30
"7656",2018-11-15,19,11,30
"7657",2018-11-16,19,11,30
"7658",2018-11-16,20,11,31
"7659",2018-11-16,19,12,31
"7660",2018-11-16,13,18,31
"7661",2018-11-16,14,16,30
"7662",2018-11-16,12,18,30
"7663",2018-11-16,7,24,31
"7664",2018-11-16,16,12,28
"7665",2018-11-16,5,22,27
"7666",2018-11-16,5,17,22
"7667",2018-11-16,5,16,21
"7668",2018-11-16,5,16,21
"7669",2018-11-16,8,15,23
"7670",2018-11-16,14,12,26
"7671",2018-11-16,15,14,29
"7672",2018-11-16,15,15,30
"7673",2018-11-16,15,16,31
"7674",2018-11-16,12,17,29
"7675",2018-11-16,9,18,27
"7676",2018-11-16,10,16,26
"7677",2018-11-16,10,14,24
"7678",2018-11-16,12,12,24
"7679",2018-11-16,10,13,23
"7680",2018-11-16,10,13,23
"7681",2018-11-17,9,15,24
"7682",2018-11-17,10,12,22
"7683",2018-11-17,10,12,22
"7684",2018-11-17,14,9,23
"7685",2018-11-17,7,15,22
"7686",2018-11-17,13,10,23
"7687",2018-11-17,16,10,26
"7688",2018-11-17,20,8,28
"7689",2018-11-17,21,9,30
"7690",2018-11-17,21,10,31
"7691",2018-11-17,23,9,32
"7692",2018-11-17,24,8,32
"7693",2018-11-17,25,6,31
"7694",2018-11-17,25,5,30
"7695",2018-11-17,21,8,29
"7696",2018-11-17,23,7,30
"7697",2018-11-17,24,6,30
"7698",2018-11-17,22,8,30
"7699",2018-11-17,20,11,31
"7700",2018-11-17,15,16,31
"7701",2018-11-17,13,19,32
"7702",2018-11-17,18,13,31
"7703",2018-11-17,18,14,32
"7704",2018-11-17,16,16,32
"7705",2018-11-18,8,25,33
"7706",2018-11-18,12,19,31
"7707",2018-11-18,7,25,32
"7708",2018-11-18,NA,NA,NA
"7709",2018-11-18,11,24,35
"7710",2018-11-18,7,29,36
"7711",2018-11-18,9,27,36
"7712",2018-11-18,9,27,36
"7713",2018-11-18,29,6,35
"7714",2018-11-18,31,4,35
"7715",2018-11-18,32,3,35
"7716",2018-11-18,30,5,35
"7717",2018-11-18,26,9,35
"7718",2018-11-18,26,9,35
"7719",2018-11-18,24,10,34
"7720",2018-11-18,23,11,34
"7721",2018-11-18,21,11,32
"7722",2018-11-18,19,13,32
"7723",2018-11-18,17,13,30
"7724",2018-11-18,17,9,26
"7725",2018-11-18,16,10,26
"7726",2018-11-18,14,12,26
"7727",2018-11-18,12,17,29
"7728",2018-11-18,18,12,30
"7729",2018-11-19,14,18,32
"7730",2018-11-19,12,20,32
"7731",2018-11-19,10,21,31
"7732",2018-11-19,11,19,30
"7733",2018-11-19,9,21,30
"7734",2018-11-19,5,24,29
"7735",2018-11-19,3,26,29
"7736",2018-11-19,3,27,30
"7737",2018-11-19,3,29,32
"7738",2018-11-19,6,28,34
"7739",2018-11-19,12,24,36
"7740",2018-11-19,15,21,36
"7741",2018-11-19,26,9,35
"7742",2018-11-19,26,10,36
"7743",2018-11-19,22,13,35
"7744",2018-11-19,19,17,36
"7745",2018-11-19,19,18,37
"7746",2018-11-19,19,18,37
"7747",2018-11-19,21,15,36
"7748",2018-11-19,14,24,38
"7749",2018-11-19,9,30,39
"7750",2018-11-19,7,32,39
"7751",2018-11-19,7,32,39
"7752",2018-11-19,9,30,39
"7753",2018-11-20,15,22,37
"7754",2018-11-20,4,37,41
"7755",2018-11-20,2,40,42
"7756",2018-11-20,3,38,41
"7757",2018-11-20,3,34,37
"7758",2018-11-20,15,17,32
"7759",2018-11-20,16,14,30
"7760",2018-11-20,11,19,30
"7761",2018-11-20,11,18,29
"7762",2018-11-20,15,12,27
"7763",2018-11-20,20,9,29
"7764",2018-11-20,21,8,29
"7765",2018-11-20,23,7,30
"7766",2018-11-20,24,6,30
"7767",2018-11-20,25,6,31
"7768",2018-11-20,25,7,32
"7769",2018-11-20,24,8,32
"7770",2018-11-20,23,8,31
"7771",2018-11-20,20,11,31
"7772",2018-11-20,19,11,30
"7773",2018-11-20,23,9,32
"7774",2018-11-20,24,9,33
"7775",2018-11-20,25,8,33
"7776",2018-11-20,23,9,32
"7777",2018-11-21,21,11,32
"7778",2018-11-21,19,12,31
"7779",2018-11-21,19,11,30
"7780",2018-11-21,17,11,28
"7781",2018-11-21,15,12,27
"7782",2018-11-21,12,15,27
"7783",2018-11-21,20,9,29
"7784",2018-11-21,21,9,30
"7785",2018-11-21,23,8,31
"7786",2018-11-21,28,6,34
"7787",2018-11-21,30,5,35
"7788",2018-11-21,29,5,34
"7789",2018-11-21,29,4,33
"7790",2018-11-21,29,4,33
"7791",2018-11-21,30,4,34
"7792",2018-11-21,26,6,32
"7793",2018-11-21,26,7,33
"7794",2018-11-21,25,7,32
"7795",2018-11-21,25,8,33
"7796",2018-11-21,26,7,33
"7797",2018-11-21,22,10,32
"7798",2018-11-21,22,9,31
"7799",2018-11-21,22,9,31
"7800",2018-11-21,22,9,31
"7801",2018-11-22,21,10,31
"7802",2018-11-22,17,14,31
"7803",2018-11-22,18,14,32
"7804",2018-11-22,16,16,32
"7805",2018-11-22,16,16,32
"7806",2018-11-22,12,21,33
"7807",2018-11-22,12,21,33
"7808",2018-11-22,9,26,35
"7809",2018-11-22,14,20,34
"7810",2018-11-22,19,14,33
"7811",2018-11-22,20,13,33
"7812",2018-11-22,20,14,34
"7813",2018-11-22,21,13,34
"7814",2018-11-22,23,13,36
"7815",2018-11-22,21,15,36
"7816",2018-11-22,20,16,36
"7817",2018-11-22,18,18,36
"7818",2018-11-22,18,17,35
"7819",2018-11-22,19,15,34
"7820",2018-11-22,20,13,33
"7821",2018-11-22,21,13,34
"7822",2018-11-22,24,10,34
"7823",2018-11-22,24,9,33
"7824",2018-11-22,24,9,33
"7825",2018-11-23,25,9,34
"7826",2018-11-23,26,8,34
"7827",2018-11-23,27,8,35
"7828",2018-11-23,25,9,34
"7829",2018-11-23,24,9,33
"7830",2018-11-23,23,10,33
"7831",2018-11-23,19,15,34
"7832",2018-11-23,15,20,35
"7833",2018-11-23,14,21,35
"7834",2018-11-23,16,20,36
"7835",2018-11-23,22,11,33
"7836",2018-11-23,24,9,33
"7837",2018-11-23,26,7,33
"7838",2018-11-23,24,10,34
"7839",2018-11-23,18,19,37
"7840",2018-11-23,17,20,37
"7841",2018-11-23,16,21,37
"7842",2018-11-23,14,24,38
"7843",2018-11-23,16,22,38
"7844",2018-11-23,5,38,43
"7845",2018-11-23,9,31,40
"7846",2018-11-23,13,24,37
"7847",2018-11-23,11,25,36
"7848",2018-11-23,11,24,35
"7849",2018-11-24,10,24,34
"7850",2018-11-24,15,19,34
"7851",2018-11-24,15,19,34
"7852",2018-11-24,18,15,33
"7853",2018-11-24,21,12,33
"7854",2018-11-24,19,14,33
"7855",2018-11-24,18,16,34
"7856",2018-11-24,14,20,34
"7857",2018-11-24,15,18,33
"7858",2018-11-24,18,14,32
"7859",2018-11-24,19,13,32
"7860",2018-11-24,19,13,32
"7861",2018-11-24,20,12,32
"7862",2018-11-24,20,12,32
"7863",2018-11-24,19,13,32
"7864",2018-11-24,18,14,32
"7865",2018-11-24,18,15,33
"7866",2018-11-24,13,22,35
"7867",2018-11-24,15,19,34
"7868",2018-11-24,16,18,34
"7869",2018-11-24,16,17,33
"7870",2018-11-24,14,18,32
"7871",2018-11-24,18,11,29
"7872",2018-11-24,20,6,26
"7873",2018-11-25,19,7,26
"7874",2018-11-25,15,8,23
"7875",2018-11-25,12,11,23
"7876",2018-11-25,NA,NA,NA
"7877",2018-11-25,8,11,19
"7878",2018-11-25,7,13,20
"7879",2018-11-25,8,12,20
"7880",2018-11-25,10,10,20
"7881",2018-11-25,8,13,21
"7882",2018-11-25,9,11,20
"7883",2018-11-25,12,7,19
"7884",2018-11-25,14,6,20
"7885",2018-11-25,12,7,19
"7886",2018-11-25,13,7,20
"7887",2018-11-25,15,7,22
"7888",2018-11-25,14,8,22
"7889",2018-11-25,13,9,22
"7890",2018-11-25,14,7,21
"7891",2018-11-25,12,8,20
"7892",2018-11-25,11,10,21
"7893",2018-11-25,11,10,21
"7894",2018-11-25,10,12,22
"7895",2018-11-25,8,14,22
"7896",2018-11-25,3,21,24
"7897",2018-11-26,1,23,24
"7898",2018-11-26,2,21,23
"7899",2018-11-26,9,12,21
"7900",2018-11-26,12,9,21
"7901",2018-11-26,12,8,20
"7902",2018-11-26,10,9,19
"7903",2018-11-26,12,9,21
"7904",2018-11-26,13,9,22
"7905",2018-11-26,14,8,22
"7906",2018-11-26,15,8,23
"7907",2018-11-26,18,8,26
"7908",2018-11-26,16,9,25
"7909",2018-11-26,16,10,26
"7910",2018-11-26,15,12,27
"7911",2018-11-26,13,13,26
"7912",2018-11-26,12,15,27
"7913",2018-11-26,10,19,29
"7914",2018-11-26,11,15,26
"7915",2018-11-26,1,24,25
"7916",2018-11-26,1,22,23
"7917",2018-11-26,3,18,21
"7918",2018-11-26,7,14,21
"7919",2018-11-26,10,11,21
"7920",2018-11-26,11,9,20
"7921",2018-11-27,11,8,19
"7922",2018-11-27,10,8,18
"7923",2018-11-27,10,6,16
"7924",2018-11-27,11,5,16
"7925",2018-11-27,12,5,17
"7926",2018-11-27,12,5,17
"7927",2018-11-27,11,7,18
"7928",2018-11-27,10,8,18
"7929",2018-11-27,10,8,18
"7930",2018-11-27,11,7,18
"7931",2018-11-27,13,5,18
"7932",2018-11-27,13,5,18
"7933",2018-11-27,14,4,18
"7934",2018-11-27,13,5,18
"7935",2018-11-27,13,5,18
"7936",2018-11-27,11,7,18
"7937",2018-11-27,10,9,19
"7938",2018-11-27,9,10,19
"7939",2018-11-27,13,7,20
"7940",2018-11-27,14,6,20
"7941",2018-11-27,14,6,20
"7942",2018-11-27,14,6,20
"7943",2018-11-27,14,7,21
"7944",2018-11-27,15,6,21
"7945",2018-11-28,15,6,21
"7946",2018-11-28,17,5,22
"7947",2018-11-28,17,4,21
"7948",2018-11-28,17,5,22
"7949",2018-11-28,18,5,23
"7950",2018-11-28,17,6,23
"7951",2018-11-28,16,8,24
"7952",2018-11-28,13,11,24
"7953",2018-11-28,13,11,24
"7954",2018-11-28,15,9,24
"7955",2018-11-28,17,7,24
"7956",2018-11-28,18,6,24
"7957",2018-11-28,18,6,24
"7958",2018-11-28,19,5,24
"7959",2018-11-28,20,5,25
"7960",2018-11-28,20,6,26
"7961",2018-11-28,19,7,26
"7962",2018-11-28,19,7,26
"7963",2018-11-28,19,8,27
"7964",2018-11-28,18,8,26
"7965",2018-11-28,18,8,26
"7966",2018-11-28,18,8,26
"7967",2018-11-28,20,8,28
"7968",2018-11-28,21,7,28
"7969",2018-11-29,19,8,27
"7970",2018-11-29,21,6,27
"7971",2018-11-29,20,7,27
"7972",2018-11-29,17,10,27
"7973",2018-11-29,15,13,28
"7974",2018-11-29,16,11,27
"7975",2018-11-29,11,15,26
"7976",2018-11-29,4,21,25
"7977",2018-11-29,6,20,26
"7978",2018-11-29,13,13,26
"7979",2018-11-29,15,12,27
"7980",2018-11-29,14,14,28
"7981",2018-11-29,14,15,29
"7982",2018-11-29,17,12,29
"7983",2018-11-29,15,15,30
"7984",2018-11-29,13,17,30
"7985",2018-11-29,9,21,30
"7986",2018-11-29,5,25,30
"7987",2018-11-29,2,27,29
"7988",2018-11-29,4,25,29
"7989",2018-11-29,4,25,29
"7990",2018-11-29,3,25,28
"7991",2018-11-29,7,20,27
"7992",2018-11-29,6,21,27
"7993",2018-11-30,14,12,26
"7994",2018-11-30,21,6,27
"7995",2018-11-30,22,5,27
"7996",2018-11-30,22,4,26
"7997",2018-11-30,23,3,26
"7998",2018-11-30,19,7,26
"7999",2018-11-30,15,13,28
"8000",2018-11-30,11,19,30
"8001",2018-11-30,7,22,29
"8002",2018-11-30,5,24,29
"8003",2018-11-30,5,25,30
"8004",2018-11-30,5,25,30
"8005",2018-11-30,9,21,30
"8006",2018-11-30,6,25,31
"8007",2018-11-30,6,23,29
"8008",2018-11-30,3,25,28
"8009",2018-11-30,5,24,29
"8010",2018-11-30,3,26,29
"8011",2018-11-30,2,28,30
"8012",2018-11-30,1,29,30
"8013",2018-11-30,1,29,30
"8014",2018-11-30,1,30,31
"8015",2018-11-30,1,31,32
"8016",2018-11-30,1,32,33
"8017",2018-12-01,1,31,32
"8018",2018-12-01,1,30,31
"8019",2018-12-01,3,24,27
"8020",2018-12-01,8,18,26
"8021",2018-12-01,9,19,28
"8022",2018-12-01,7,22,29
"8023",2018-12-01,2,30,32
"8024",2018-12-01,1,30,31
"8025",2018-12-01,2,28,30
"8026",2018-12-01,5,22,27
"8027",2018-12-01,18,14,32
"8028",2018-12-01,18,13,31
"8029",2018-12-01,21,10,31
"8030",2018-12-01,22,10,32
"8031",2018-12-01,24,8,32
"8032",2018-12-01,23,8,31
"8033",2018-12-01,22,8,30
"8034",2018-12-01,21,8,29
"8035",2018-12-01,22,8,30
"8036",2018-12-01,23,8,31
"8037",2018-12-01,23,7,30
"8038",2018-12-01,21,7,28
"8039",2018-12-01,21,7,28
"8040",2018-12-01,19,7,26
"8041",2018-12-02,19,8,27
"8042",2018-12-02,19,8,27
"8043",2018-12-02,18,8,26
"8044",2018-12-02,NA,NA,NA
"8045",2018-12-02,16,8,24
"8046",2018-12-02,14,8,22
"8047",2018-12-02,12,9,21
"8048",2018-12-02,11,10,21
"8049",2018-12-02,11,11,22
"8050",2018-12-02,12,11,23
"8051",2018-12-02,11,13,24
"8052",2018-12-02,11,14,25
"8053",2018-12-02,9,17,26
"8054",2018-12-02,7,20,27
"8055",2018-12-02,6,22,28
"8056",2018-12-02,4,25,29
"8057",2018-12-02,3,27,30
"8058",2018-12-02,4,30,34
"8059",2018-12-02,6,29,35
"8060",2018-12-02,10,23,33
"8061",2018-12-02,16,17,33
"8062",2018-12-02,18,15,33
"8063",2018-12-02,18,15,33
"8064",2018-12-02,17,15,32
"8065",2018-12-03,14,19,33
"8066",2018-12-03,18,11,29
"8067",2018-12-03,14,10,24
"8068",2018-12-03,9,8,17
"8069",2018-12-03,6,9,15
"8070",2018-12-03,4,10,14
"8071",2018-12-03,5,9,14
"8072",2018-12-03,9,9,18
"8073",2018-12-03,12,8,20
"8074",2018-12-03,13,7,20
"8075",2018-12-03,14,7,21
"8076",2018-12-03,15,8,23
"8077",2018-12-03,17,8,25
"8078",2018-12-03,18,9,27
"8079",2018-12-03,16,11,27
"8080",2018-12-03,12,13,25
"8081",2018-12-03,7,15,22
"8082",2018-12-03,9,14,23
"8083",2018-12-03,13,11,24
"8084",2018-12-03,16,9,25
"8085",2018-12-03,19,8,27
"8086",2018-12-03,21,7,28
"8087",2018-12-03,23,6,29
"8088",2018-12-03,22,8,30
"8089",2018-12-04,20,9,29
"8090",2018-12-04,20,8,28
"8091",2018-12-04,24,5,29
"8092",2018-12-04,26,4,30
"8093",2018-12-04,25,5,30
"8094",2018-12-04,24,5,29
"8095",2018-12-04,23,7,30
"8096",2018-12-04,22,8,30
"8097",2018-12-04,21,10,31
"8098",2018-12-04,23,8,31
"8099",2018-12-04,23,8,31
"8100",2018-12-04,23,9,32
"8101",2018-12-04,24,8,32
"8102",2018-12-04,24,8,32
"8103",2018-12-04,22,11,33
"8104",2018-12-04,18,16,34
"8105",2018-12-04,13,20,33
"8106",2018-12-04,10,25,35
"8107",2018-12-04,6,29,35
"8108",2018-12-04,7,27,34
"8109",2018-12-04,2,35,37
"8110",2018-12-04,2,36,38
"8111",2018-12-04,1,37,38
"8112",2018-12-04,10,26,36
"8113",2018-12-05,11,26,37
"8114",2018-12-05,14,22,36
"8115",2018-12-05,11,25,36
"8116",2018-12-05,7,30,37
"8117",2018-12-05,2,36,38
"8118",2018-12-05,1,38,39
"8119",2018-12-05,1,39,40
"8120",2018-12-05,4,36,40
"8121",2018-12-05,6,30,36
"8122",2018-12-05,4,36,40
"8123",2018-12-05,7,30,37
"8124",2018-12-05,8,34,42
"8125",2018-12-05,8,35,43
"8126",2018-12-05,20,17,37
"8127",2018-12-05,25,10,35
"8128",2018-12-05,23,11,34
"8129",2018-12-05,22,13,35
"8130",2018-12-05,16,19,35
"8131",2018-12-05,12,23,35
"8132",2018-12-05,13,21,34
"8133",2018-12-05,13,20,33
"8134",2018-12-05,17,15,32
"8135",2018-12-05,15,15,30
"8136",2018-12-05,13,16,29
"8137",2018-12-06,12,15,27
"8138",2018-12-06,19,8,27
"8139",2018-12-06,21,8,29
"8140",2018-12-06,17,11,28
"8141",2018-12-06,16,12,28
"8142",2018-12-06,16,12,28
"8143",2018-12-06,15,11,26
"8144",2018-12-06,14,12,26
"8145",2018-12-06,9,19,28
"8146",2018-12-06,12,16,28
"8147",2018-12-06,12,14,26
"8148",2018-12-06,13,14,27
"8149",2018-12-06,13,14,27
"8150",2018-12-06,15,13,28
"8151",2018-12-06,12,14,26
"8152",2018-12-06,8,17,25
"8153",2018-12-06,9,18,27
"8154",2018-12-06,14,15,29
"8155",2018-12-06,17,13,30
"8156",2018-12-06,18,9,27
"8157",2018-12-06,17,10,27
"8158",2018-12-06,15,12,27
"8159",2018-12-06,16,12,28
"8160",2018-12-06,18,10,28
"8161",2018-12-07,17,11,28
"8162",2018-12-07,14,9,23
"8163",2018-12-07,14,8,22
"8164",2018-12-07,16,8,24
"8165",2018-12-07,16,10,26
"8166",2018-12-07,21,8,29
"8167",2018-12-07,19,12,31
"8168",2018-12-07,10,22,32
"8169",2018-12-07,8,27,35
"8170",2018-12-07,16,16,32
"8171",2018-12-07,18,15,33
"8172",2018-12-07,22,11,33
"8173",2018-12-07,24,10,34
"8174",2018-12-07,23,11,34
"8175",2018-12-07,24,12,36
"8176",2018-12-07,24,13,37
"8177",2018-12-07,22,16,38
"8178",2018-12-07,13,25,38
"8179",2018-12-07,15,22,37
"8180",2018-12-07,16,21,37
"8181",2018-12-07,12,26,38
"8182",2018-12-07,17,19,36
"8183",2018-12-07,22,12,34
"8184",2018-12-07,23,11,34
"8185",2018-12-08,24,10,34
"8186",2018-12-08,20,13,33
"8187",2018-12-08,11,22,33
"8188",2018-12-08,4,30,34
"8189",2018-12-08,13,16,29
"8190",2018-12-08,14,14,28
"8191",2018-12-08,18,11,29
"8192",2018-12-08,16,13,29
"8193",2018-12-08,9,24,33
"8194",2018-12-08,14,15,29
"8195",2018-12-08,22,7,29
"8196",2018-12-08,26,4,30
"8197",2018-12-08,28,4,32
"8198",2018-12-08,28,4,32
"8199",2018-12-08,27,5,32
"8200",2018-12-08,25,6,31
"8201",2018-12-08,22,9,31
"8202",2018-12-08,21,10,31
"8203",2018-12-08,23,8,31
"8204",2018-12-08,23,8,31
"8205",2018-12-08,20,13,33
"8206",2018-12-08,18,15,33
"8207",2018-12-08,25,7,32
"8208",2018-12-08,21,11,32
"8209",2018-12-09,18,12,30
"8210",2018-12-09,17,11,28
"8211",2018-12-09,23,7,30
"8212",2018-12-09,NA,NA,NA
"8213",2018-12-09,22,6,28
"8214",2018-12-09,19,9,28
"8215",2018-12-09,14,14,28
"8216",2018-12-09,11,18,29
"8217",2018-12-09,10,19,29
"8218",2018-12-09,12,16,28
"8219",2018-12-09,18,10,28
"8220",2018-12-09,20,9,29
"8221",2018-12-09,21,9,30
"8222",2018-12-09,22,9,31
"8223",2018-12-09,22,9,31
"8224",2018-12-09,24,9,33
"8225",2018-12-09,24,9,33
"8226",2018-12-09,25,9,34
"8227",2018-12-09,26,7,33
"8228",2018-12-09,24,8,32
"8229",2018-12-09,22,10,32
"8230",2018-12-09,20,12,32
"8231",2018-12-09,20,13,33
"8232",2018-12-09,19,14,33
"8233",2018-12-10,18,15,33
"8234",2018-12-10,14,19,33
"8235",2018-12-10,18,14,32
"8236",2018-12-10,15,17,32
"8237",2018-12-10,14,18,32
"8238",2018-12-10,12,21,33
"8239",2018-12-10,9,25,34
"8240",2018-12-10,6,29,35
"8241",2018-12-10,6,30,36
"8242",2018-12-10,7,30,37
"8243",2018-12-10,6,33,39
"8244",2018-12-10,10,28,38
"8245",2018-12-10,19,17,36
"8246",2018-12-10,16,21,37
"8247",2018-12-10,10,28,38
"8248",2018-12-10,17,17,34
"8249",2018-12-10,10,24,34
"8250",2018-12-10,9,26,35
"8251",2018-12-10,16,20,36
"8252",2018-12-10,22,15,37
"8253",2018-12-10,23,12,35
"8254",2018-12-10,23,13,36
"8255",2018-12-10,24,10,34
"8256",2018-12-10,22,12,34
"8257",2018-12-11,22,11,33
"8258",2018-12-11,20,11,31
"8259",2018-12-11,21,8,29
"8260",2018-12-11,17,11,28
"8261",2018-12-11,20,10,30
"8262",2018-12-11,14,16,30
"8263",2018-12-11,10,20,30
"8264",2018-12-11,15,15,30
"8265",2018-12-11,19,12,31
"8266",2018-12-11,15,16,31
"8267",2018-12-11,12,19,31
"8268",2018-12-11,12,18,30
"8269",2018-12-11,10,20,30
"8270",2018-12-11,9,21,30
"8271",2018-12-11,8,22,30
"8272",2018-12-11,9,21,30
"8273",2018-12-11,8,21,29
"8274",2018-12-11,6,22,28
"8275",2018-12-11,4,23,27
"8276",2018-12-11,3,24,27
"8277",2018-12-11,2,27,29
"8278",2018-12-11,3,25,28
"8279",2018-12-11,4,24,28
"8280",2018-12-11,4,25,29
"8281",2018-12-12,7,23,30
"8282",2018-12-12,10,20,30
"8283",2018-12-12,12,17,29
"8284",2018-12-12,13,14,27
"8285",2018-12-12,12,17,29
"8286",2018-12-12,9,20,29
"8287",2018-12-12,5,23,28
"8288",2018-12-12,3,24,27
"8289",2018-12-12,6,22,28
"8290",2018-12-12,8,17,25
"8291",2018-12-12,9,18,27
"8292",2018-12-12,7,20,27
"8293",2018-12-12,9,19,28
"8294",2018-12-12,13,17,30
"8295",2018-12-12,15,18,33
"8296",2018-12-12,14,20,34
"8297",2018-12-12,17,17,34
"8298",2018-12-12,19,14,33
"8299",2018-12-12,19,13,32
"8300",2018-12-12,19,12,31
"8301",2018-12-12,21,10,31
"8302",2018-12-12,21,9,30
"8303",2018-12-12,22,8,30
"8304",2018-12-12,21,9,30
"8305",2018-12-13,19,10,29
"8306",2018-12-13,18,10,28
"8307",2018-12-13,16,12,28
"8308",2018-12-13,14,13,27
"8309",2018-12-13,15,13,28
"8310",2018-12-13,14,13,27
"8311",2018-12-13,13,13,26
"8312",2018-12-13,10,17,27
"8313",2018-12-13,6,22,28
"8314",2018-12-13,9,18,27
"8315",2018-12-13,7,20,27
"8316",2018-12-13,8,19,27
"8317",2018-12-13,7,21,28
"8318",2018-12-13,9,19,28
"8319",2018-12-13,10,18,28
"8320",2018-12-13,11,16,27
"8321",2018-12-13,10,18,28
"8322",2018-12-13,10,18,28
"8323",2018-12-13,9,18,27
"8324",2018-12-13,8,20,28
"8325",2018-12-13,9,18,27
"8326",2018-12-13,8,19,27
"8327",2018-12-13,6,20,26
"8328",2018-12-13,4,23,27
"8329",2018-12-14,3,25,28
"8330",2018-12-14,4,23,27
"8331",2018-12-14,8,17,25
"8332",2018-12-14,10,14,24
"8333",2018-12-14,12,12,24
"8334",2018-12-14,10,13,23
"8335",2018-12-14,9,14,23
"8336",2018-12-14,6,19,25
"8337",2018-12-14,2,28,30
"8338",2018-12-14,1,27,28
"8339",2018-12-14,4,22,26
"8340",2018-12-14,6,20,26
"8341",2018-12-14,5,22,27
"8342",2018-12-14,6,21,27
"8343",2018-12-14,10,16,26
"8344",2018-12-14,8,18,26
"8345",2018-12-14,5,21,26
"8346",2018-12-14,1,27,28
"8347",2018-12-14,1,29,30
"8348",2018-12-14,1,29,30
"8349",2018-12-14,1,28,29
"8350",2018-12-14,1,27,28
"8351",2018-12-14,5,21,26
"8352",2018-12-14,5,20,25
"8353",2018-12-15,1,24,25
"8354",2018-12-15,1,26,27
"8355",2018-12-15,1,27,28
"8356",2018-12-15,4,27,31
"8357",2018-12-15,8,18,26
"8358",2018-12-15,10,19,29
"8359",2018-12-15,16,16,32
"8360",2018-12-15,15,17,32
"8361",2018-12-15,12,20,32
"8362",2018-12-15,14,18,32
"8363",2018-12-15,13,20,33
"8364",2018-12-15,12,21,33
"8365",2018-12-15,17,15,32
"8366",2018-12-15,18,13,31
"8367",2018-12-15,19,13,32
"8368",2018-12-15,21,12,33
"8369",2018-12-15,19,13,32
"8370",2018-12-15,19,14,33
"8371",2018-12-15,19,14,33
"8372",2018-12-15,15,17,32
"8373",2018-12-15,13,17,30
"8374",2018-12-15,11,19,30
"8375",2018-12-15,11,19,30
"8376",2018-12-15,16,14,30
"8377",2018-12-16,19,11,30
"8378",2018-12-16,18,10,28
"8379",2018-12-16,19,10,29
"8380",2018-12-16,NA,NA,NA
"8381",2018-12-16,15,13,28
"8382",2018-12-16,12,16,28
"8383",2018-12-16,12,17,29
"8384",2018-12-16,12,16,28
"8385",2018-12-16,9,19,28
"8386",2018-12-16,8,21,29
"8387",2018-12-16,10,17,27
"8388",2018-12-16,13,15,28
"8389",2018-12-16,13,15,28
"8390",2018-12-16,17,12,29
"8391",2018-12-16,16,12,28
"8392",2018-12-16,16,12,28
"8393",2018-12-16,16,11,27
"8394",2018-12-16,16,12,28
"8395",2018-12-16,14,15,29
"8396",2018-12-16,15,13,28
"8397",2018-12-16,17,10,27
"8398",2018-12-16,8,17,25
"8399",2018-12-16,10,15,25
"8400",2018-12-16,4,20,24
"8401",2018-12-17,10,12,22
"8402",2018-12-17,9,14,23
"8403",2018-12-17,10,13,23
"8404",2018-12-17,10,12,22
"8405",2018-12-17,13,10,23
"8406",2018-12-17,12,13,25
"8407",2018-12-17,4,24,28
"8408",2018-12-17,4,25,29
"8409",2018-12-17,8,20,28
"8410",2018-12-17,7,24,31
"8411",2018-12-17,21,13,34
"8412",2018-12-17,23,11,34
"8413",2018-12-17,23,9,32
"8414",2018-12-17,22,10,32
"8415",2018-12-17,22,10,32
"8416",2018-12-17,24,9,33
"8417",2018-12-17,24,8,32
"8418",2018-12-17,23,8,31
"8419",2018-12-17,22,7,29
"8420",2018-12-17,21,8,29
"8421",2018-12-17,20,10,30
"8422",2018-12-17,18,12,30
"8423",2018-12-17,17,13,30
"8424",2018-12-17,21,9,30
"8425",2018-12-18,22,7,29
"8426",2018-12-18,24,6,30
"8427",2018-12-18,24,5,29
"8428",2018-12-18,23,6,29
"8429",2018-12-18,23,8,31
"8430",2018-12-18,22,9,31
"8431",2018-12-18,21,10,31
"8432",2018-12-18,17,15,32
"8433",2018-12-18,17,15,32
"8434",2018-12-18,17,15,32
"8435",2018-12-18,21,10,31
"8436",2018-12-18,23,8,31
"8437",2018-12-18,22,9,31
"8438",2018-12-18,22,10,32
"8439",2018-12-18,20,12,32
"8440",2018-12-18,17,16,33
"8441",2018-12-18,15,18,33
"8442",2018-12-18,13,19,32
"8443",2018-12-18,13,19,32
"8444",2018-12-18,16,15,31
"8445",2018-12-18,12,21,33
"8446",2018-12-18,6,29,35
"8447",2018-12-18,4,31,35
"8448",2018-12-18,5,28,33
"8449",2018-12-19,7,26,33
"8450",2018-12-19,15,15,30
"8451",2018-12-19,15,15,30
"8452",2018-12-19,13,18,31
"8453",2018-12-19,12,19,31
"8454",2018-12-19,13,18,31
"8455",2018-12-19,12,17,29
"8456",2018-12-19,9,21,30
"8457",2018-12-19,4,27,31
"8458",2018-12-19,8,21,29
"8459",2018-12-19,13,14,27
"8460",2018-12-19,11,17,28
"8461",2018-12-19,14,14,28
"8462",2018-12-19,14,14,28
"8463",2018-12-19,14,15,29
"8464",2018-12-19,12,18,30
"8465",2018-12-19,11,20,31
"8466",2018-12-19,11,20,31
"8467",2018-12-19,14,16,30
"8468",2018-12-19,13,17,30
"8469",2018-12-19,6,24,30
"8470",2018-12-19,7,24,31
"8471",2018-12-19,6,24,30
"8472",2018-12-19,9,21,30
"8473",2018-12-20,10,20,30
"8474",2018-12-20,10,19,29
"8475",2018-12-20,3,29,32
"8476",2018-12-20,1,31,32
"8477",2018-12-20,2,29,31
"8478",2018-12-20,2,28,30
"8479",2018-12-20,1,30,31
"8480",2018-12-20,1,31,32
"8481",2018-12-20,1,30,31
"8482",2018-12-20,2,31,33
"8483",2018-12-20,5,26,31
"8484",2018-12-20,5,27,32
"8485",2018-12-20,4,28,32
"8486",2018-12-20,4,27,31
"8487",2018-12-20,5,26,31
"8488",2018-12-20,4,23,27
"8489",2018-12-20,5,22,27
"8490",2018-12-20,7,19,26
"8491",2018-12-20,5,22,27
"8492",2018-12-20,4,23,27
"8493",2018-12-20,2,26,28
"8494",2018-12-20,1,27,28
"8495",2018-12-20,2,25,27
"8496",2018-12-20,2,24,26
"8497",2018-12-21,6,19,25
"8498",2018-12-21,10,14,24
"8499",2018-12-21,12,12,24
"8500",2018-12-21,14,11,25
"8501",2018-12-21,17,9,26
"8502",2018-12-21,18,9,27
"8503",2018-12-21,17,11,28
"8504",2018-12-21,14,16,30
"8505",2018-12-21,6,22,28
"8506",2018-12-21,2,22,24
"8507",2018-12-21,3,21,24
"8508",2018-12-21,6,18,24
"8509",2018-12-21,8,17,25
"8510",2018-12-21,13,12,25
"8511",2018-12-21,15,10,25
"8512",2018-12-21,13,10,23
"8513",2018-12-21,12,9,21
"8514",2018-12-21,13,8,21
"8515",2018-12-21,13,8,21
"8516",2018-12-21,13,7,20
"8517",2018-12-21,16,5,21
"8518",2018-12-21,18,5,23
"8519",2018-12-21,19,5,24
"8520",2018-12-21,20,4,24
"8521",2018-12-22,20,4,24
"8522",2018-12-22,22,4,26
"8523",2018-12-22,22,3,25
"8524",2018-12-22,22,4,26
"8525",2018-12-22,23,3,26
"8526",2018-12-22,23,4,27
"8527",2018-12-22,22,4,26
"8528",2018-12-22,22,4,26
"8529",2018-12-22,21,6,27
"8530",2018-12-22,21,5,26
"8531",2018-12-22,21,5,26
"8532",2018-12-22,21,5,26
"8533",2018-12-22,21,6,27
"8534",2018-12-22,21,5,26
"8535",2018-12-22,22,7,29
"8536",2018-12-22,25,5,30
"8537",2018-12-22,24,6,30
"8538",2018-12-22,24,6,30
"8539",2018-12-22,24,6,30
"8540",2018-12-22,25,5,30
"8541",2018-12-22,24,6,30
"8542",2018-12-22,25,5,30
"8543",2018-12-22,25,6,31
"8544",2018-12-22,24,6,30
"8545",2018-12-23,26,4,30
"8546",2018-12-23,25,5,30
"8547",2018-12-23,23,6,29
"8548",2018-12-23,NA,NA,NA
"8549",2018-12-23,24,6,30
"8550",2018-12-23,23,6,29
"8551",2018-12-23,24,6,30
"8552",2018-12-23,22,8,30
"8553",2018-12-23,21,10,31
"8554",2018-12-23,23,8,31
"8555",2018-12-23,22,11,33
"8556",2018-12-23,22,10,32
"8557",2018-12-23,21,11,32
"8558",2018-12-23,19,13,32
"8559",2018-12-23,20,11,31
"8560",2018-12-23,20,11,31
"8561",2018-12-23,19,11,30
"8562",2018-12-23,18,12,30
"8563",2018-12-23,15,14,29
"8564",2018-12-23,13,13,26
"8565",2018-12-23,11,15,26
"8566",2018-12-23,11,15,26
"8567",2018-12-23,11,15,26
"8568",2018-12-23,8,19,27
"8569",2018-12-24,4,23,27
"8570",2018-12-24,1,24,25
"8571",2018-12-24,7,16,23
"8572",2018-12-24,12,9,21
"8573",2018-12-24,10,12,22
"8574",2018-12-24,8,14,22
"8575",2018-12-24,9,13,22
"8576",2018-12-24,7,15,22
"8577",2018-12-24,8,16,24
"8578",2018-12-24,10,15,25
"8579",2018-12-24,9,13,22
"8580",2018-12-24,10,11,21
"8581",2018-12-24,11,10,21
"8582",2018-12-24,12,10,22
"8583",2018-12-24,16,8,24
"8584",2018-12-24,16,6,22
"8585",2018-12-24,15,7,22
"8586",2018-12-24,13,9,22
"8587",2018-12-24,12,11,23
"8588",2018-12-24,14,11,25
"8589",2018-12-24,14,12,26
"8590",2018-12-24,18,8,26
"8591",2018-12-24,14,12,26
"8592",2018-12-24,19,8,27
"8593",2018-12-25,17,11,28
"8594",2018-12-25,12,16,28
"8595",2018-12-25,15,11,26
"8596",2018-12-25,18,8,26
"8597",2018-12-25,16,9,25
"8598",2018-12-25,15,10,25
"8599",2018-12-25,15,10,25
"8600",2018-12-25,17,12,29
"8601",2018-12-25,21,8,29
"8602",2018-12-25,22,7,29
"8603",2018-12-25,23,6,29
"8604",2018-12-25,22,8,30
"8605",2018-12-25,23,6,29
"8606",2018-12-25,25,4,29
"8607",2018-12-25,22,7,29
"8608",2018-12-25,20,9,29
"8609",2018-12-25,22,7,29
"8610",2018-12-25,23,5,28
"8611",2018-12-25,20,8,28
"8612",2018-12-25,17,12,29
"8613",2018-12-25,17,8,25
"8614",2018-12-25,12,12,24
"8615",2018-12-25,11,12,23
"8616",2018-12-25,10,12,22
"8617",2018-12-26,8,14,22
"8618",2018-12-26,8,16,24
"8619",2018-12-26,9,13,22
"8620",2018-12-26,6,15,21
"8621",2018-12-26,4,18,22
"8622",2018-12-26,4,17,21
"8623",2018-12-26,4,17,21
"8624",2018-12-26,5,17,22
"8625",2018-12-26,7,15,22
"8626",2018-12-26,9,15,24
"8627",2018-12-26,12,11,23
"8628",2018-12-26,10,14,24
"8629",2018-12-26,13,10,23
"8630",2018-12-26,15,9,24
"8631",2018-12-26,16,8,24
"8632",2018-12-26,17,8,25
"8633",2018-12-26,19,8,27
"8634",2018-12-26,20,8,28
"8635",2018-12-26,20,8,28
"8636",2018-12-26,21,8,29
"8637",2018-12-26,21,8,29
"8638",2018-12-26,20,11,31
"8639",2018-12-26,19,9,28
"8640",2018-12-26,22,9,31
"8641",2018-12-27,21,10,31
"8642",2018-12-27,18,13,31
"8643",2018-12-27,17,12,29
"8644",2018-12-27,16,13,29
"8645",2018-12-27,15,15,30
"8646",2018-12-27,14,17,31
"8647",2018-12-27,21,10,31
"8648",2018-12-27,15,16,31
"8649",2018-12-27,12,18,30
"8650",2018-12-27,16,14,30
"8651",2018-12-27,22,9,31
"8652",2018-12-27,23,7,30
"8653",2018-12-27,23,7,30
"8654",2018-12-27,23,7,30
"8655",2018-12-27,23,7,30
"8656",2018-12-27,22,8,30
"8657",2018-12-27,21,8,29
"8658",2018-12-27,20,8,28
"8659",2018-12-27,20,8,28
"8660",2018-12-27,20,8,28
"8661",2018-12-27,19,9,28
"8662",2018-12-27,17,10,27
"8663",2018-12-27,17,10,27
"8664",2018-12-27,16,11,27
"8665",2018-12-28,16,12,28
"8666",2018-12-28,14,16,30
"8667",2018-12-28,14,17,31
"8668",2018-12-28,17,16,33
"8669",2018-12-28,23,10,33
"8670",2018-12-28,26,5,31
"8671",2018-12-28,25,6,31
"8672",2018-12-28,24,7,31
"8673",2018-12-28,22,10,32
"8674",2018-12-28,23,9,32
"8675",2018-12-28,23,7,30
"8676",2018-12-28,22,8,30
"8677",2018-12-28,20,10,30
"8678",2018-12-28,19,10,29
"8679",2018-12-28,20,8,28
"8680",2018-12-28,19,9,28
"8681",2018-12-28,15,13,28
"8682",2018-12-28,15,13,28
"8683",2018-12-28,16,11,27
"8684",2018-12-28,15,12,27
"8685",2018-12-28,17,11,28
"8686",2018-12-28,16,7,23
"8687",2018-12-28,12,7,19
"8688",2018-12-28,11,6,17
"8689",2018-12-29,10,5,15
"8690",2018-12-29,9,6,15
"8691",2018-12-29,9,8,17
"8692",2018-12-29,17,6,23
"8693",2018-12-29,21,4,25
"8694",2018-12-29,22,5,27
"8695",2018-12-29,22,5,27
"8696",2018-12-29,22,5,27
"8697",2018-12-29,22,5,27
"8698",2018-12-29,23,5,28
"8699",2018-12-29,22,5,27
"8700",2018-12-29,24,4,28
"8701",2018-12-29,26,4,30
"8702",2018-12-29,26,5,31
"8703",2018-12-29,27,4,31
"8704",2018-12-29,27,5,32
"8705",2018-12-29,27,6,33
"8706",2018-12-29,24,10,34
"8707",2018-12-29,19,14,33
"8708",2018-12-29,17,16,33
"8709",2018-12-29,18,16,34
"8710",2018-12-29,16,18,34
"8711",2018-12-29,16,17,33
"8712",2018-12-29,14,20,34
"8713",2018-12-30,10,24,34
"8714",2018-12-30,8,25,33
"8715",2018-12-30,6,27,33
"8716",2018-12-30,NA,NA,NA
"8717",2018-12-30,12,21,33
"8718",2018-12-30,12,20,32
"8719",2018-12-30,17,14,31
"8720",2018-12-30,21,8,29
"8721",2018-12-30,21,7,28
"8722",2018-12-30,20,7,27
"8723",2018-12-30,13,15,28
"8724",2018-12-30,13,13,26
"8725",2018-12-30,15,11,26
"8726",2018-12-30,20,7,27
"8727",2018-12-30,17,8,25
"8728",2018-12-30,17,8,25
"8729",2018-12-30,18,7,25
"8730",2018-12-30,17,8,25
"8731",2018-12-30,15,10,25
"8732",2018-12-30,15,10,25
"8733",2018-12-30,14,12,26
"8734",2018-12-30,15,11,26
"8735",2018-12-30,14,12,26
"8736",2018-12-30,12,15,27
"8737",2018-12-31,10,17,27
"8738",2018-12-31,9,19,28
"8739",2018-12-31,13,14,27
"8740",2018-12-31,14,11,25
"8741",2018-12-31,13,13,26
"8742",2018-12-31,7,20,27
"8743",2018-12-31,5,24,29
"8744",2018-12-31,1,28,29
"8745",2018-12-31,1,28,29
"8746",2018-12-31,2,28,30
"8747",2018-12-31,5,24,29
"8748",2018-12-31,11,19,30
"8749",2018-12-31,13,17,30
"8750",2018-12-31,16,14,30
"8751",2018-12-31,15,13,28
"8752",2018-12-31,15,12,27
"8753",2018-12-31,12,14,26
"8754",2018-12-31,13,12,25
"8755",2018-12-31,13,10,23
"8756",2018-12-31,12,10,22
"8757",2018-12-31,10,10,20
"8758",2018-12-31,9,9,18
"8759",2018-12-31,9,9,18
"8760",2018-12-31,6,13,19
